<?xml version="1.0" encoding="utf-8"?>
<COLLADA xmlns="http://www.collada.org/2005/11/COLLADASchema" version="1.4.1">
  <asset><contributor><author>Mixamo</author><authoring_tool>COLLADA Mixamo exporter</authoring_tool><comments></comments></contributor><created>2018-12-20T17:58:16Z</created><modified>2018-12-20T17:58:16Z</modified><revision></revision><title></title><unit meter="0.010000"/><up_axis>Y_UP</up_axis></asset>
  <library_animations>
    <animation id="swat_Hips-anim" name="swat_Hips"><source id="swat_Hips-Matrix-animation-input"><float_array id="swat_Hips-Matrix-animation-input-array" count="74">

0.000000 0.033333 0.066667 0.100000 0.133333 0.166667 0.200000 0.233333 0.266667 0.300000 0.333333 0.366667 0.400000 0.433333 0.466667 0.500000
0.533333 0.566667 0.600000 0.633333 0.666667 0.700000 0.733333 0.766667 0.800000 0.833333 0.866667 0.900000 0.933333 0.966667 1.000000 1.033333
1.066667 1.100000 1.133333 1.166667 1.200000 1.233333 1.266667 1.300000 1.333333 1.366667 1.400000 1.433333 1.466667 1.500000 1.533333 1.566667
1.600000 1.633333 1.666667 1.700000 1.733333 1.766667 1.800000 1.833333 1.866667 1.900000 1.933333 1.966667 2.000000 2.033333 2.066667 2.100000
2.133333 2.166667 2.200000 2.233333 2.266667 2.300000 2.333333 2.366667 2.400000 2.433333</float_array><technique_common><accessor source="#swat_Hips-Matrix-animation-input-array" count="74"><param name="TIME" type="float"/></accessor></technique_common></source><source id="swat_Hips-Matrix-animation-output-transform"><float_array id="swat_Hips-Matrix-animation-output-transform-array" count="1184">

0.994026 0.060129 -0.091084 0.025626 -0.054299 0.996394 0.065192 95.571045 0.094675 -0.059857 0.993707 0.011976 0.000000 0.000000 0.000000 1.000000
0.989128 0.063328 -0.132721 -1.622620 -0.055043 0.996354 0.065191 95.518250 0.136366 -0.057177 0.989007 -0.249553 0.000000 0.000000 0.000000 1.000000
0.982223 0.065753 -0.175823 -3.434282 -0.055029 0.996354 0.065192 95.359299 0.179468 -0.054357 0.982261 -0.524542 0.000000 0.000000 0.000000 1.000000
0.973070 0.067864 -0.220296 -5.369580 -0.054730 0.996371 0.065193 95.136429 0.223920 -0.051380 0.973252 -0.764474 0.000000 0.000000 0.000000 1.000000
0.961418 0.069991 -0.266037 -7.283391 -0.054496 0.996383 0.065194 94.867851 0.269638 -0.048180 0.961756 -0.925554 0.000000 0.000000 0.000000 1.000000
0.947013 0.072425 -0.312923 -8.964875 -0.054658 0.996375 0.065193 94.576263 0.316510 -0.044635 0.947538 -0.980656 0.000000 0.000000 0.000000 1.000000
0.929607 0.075175 -0.360805 -10.259603 -0.055269 0.996341 0.065191 94.303032 0.364385 -0.040661 0.930360 -0.915887 0.000000 0.000000 0.000000 1.000000
0.908965 0.077980 -0.409515 -11.133686 -0.056103 0.996295 0.065189 94.095314 0.413081 -0.036279 0.909971 -0.717455 0.000000 0.000000 0.000000 1.000000
0.884857 0.080482 -0.458858 -11.650352 -0.056810 0.996255 0.065188 93.943306 0.462386 -0.031614 0.886115 -0.358647 0.000000 0.000000 0.000000 1.000000
0.857053 0.082508 -0.508579 -11.916624 -0.057223 0.996231 0.065189 93.835999 0.512041 -0.026768 0.858544 0.205125 0.000000 0.000000 0.000000 1.000000
0.825341 0.083994 -0.558353 -12.031260 -0.057281 0.996227 0.065193 93.758698 0.561722 -0.021823 0.827038 1.028563 0.000000 0.000000 0.000000 1.000000
0.789545 0.084906 -0.607790 -12.060801 -0.056947 0.996246 0.065196 93.701118 0.611045 -0.016864 0.791417 2.161283 0.000000 0.000000 0.000000 1.000000
0.749524 0.085316 -0.656456 -12.036612 -0.056300 0.996283 0.065199 93.662941 0.659579 -0.011909 0.751541 3.626857 0.000000 0.000000 0.000000 1.000000
0.705163 0.085373 -0.703887 -11.946130 -0.055542 0.996325 0.065199 93.635300 0.706866 -0.006880 0.707314 5.386416 0.000000 0.000000 0.000000 1.000000
0.656380 0.085236 -0.749600 -11.777549 -0.054928 0.996359 0.065198 93.612595 0.752428 -0.001621 0.658672 7.385944 0.000000 0.000000 0.000000 1.000000
0.603165 0.085009 -0.793074 -11.517564 -0.054704 0.996372 0.065195 93.590805 0.795739 0.004061 0.605627 9.553086 0.000000 0.000000 0.000000 1.000000
0.545607 0.084607 -0.833759 -11.156702 -0.054884 0.996362 0.065191 93.580948 0.836242 0.010191 0.548266 11.800944 0.000000 0.000000 0.000000 1.000000
0.483885 0.083734 -0.871117 -10.697807 -0.055061 0.996353 0.065187 93.596680 0.873398 0.016421 0.486730 14.028599 0.000000 0.000000 0.000000 1.000000
0.418247 0.082272 -0.904600 -10.163883 -0.055003 0.996356 0.065186 93.659546 0.906666 0.022492 0.421248 16.128378 0.000000 0.000000 0.000000 1.000000
0.349042 0.080288 -0.933661 -9.595698 -0.054820 0.996366 0.065186 93.810867 0.935502 0.028431 0.352175 18.004850 0.000000 0.000000 0.000000 1.000000
0.276717 0.077824 -0.957795 -9.034962 -0.054593 0.996379 0.065186 94.040474 0.959399 0.034251 0.279964 19.598488 0.000000 0.000000 0.000000 1.000000
0.201804 0.074877 -0.976560 -8.515928 -0.054246 0.996397 0.065188 94.314972 0.977923 0.039819 0.205139 20.889523 0.000000 0.000000 0.000000 1.000000
0.124912 0.071475 -0.989590 -8.056503 -0.053697 0.996427 0.065191 94.602287 0.990714 0.044995 0.128304 21.849871 0.000000 0.000000 0.000000 1.000000
0.046713 0.067681 -0.996613 -7.655274 -0.052845 0.996472 0.065194 94.873413 0.997510 0.049621 0.050125 22.396135 0.000000 0.000000 0.000000 1.000000
-0.032077 0.063590 -0.997460 -7.289123 -0.051854 0.996524 0.065198 95.107246 0.998139 0.053813 -0.028669 22.434864 0.000000 0.000000 0.000000 1.000000
-0.110737 0.059248 -0.992082 -6.920989 -0.050927 0.996572 0.065201 95.281227 0.992544 0.057744 -0.107340 21.977341 0.000000 0.000000 0.000000 1.000000
-0.188535 0.054636 -0.980545 -6.514095 -0.050302 0.996603 0.065203 95.377525 0.980777 0.061617 -0.185147 21.191753 0.000000 0.000000 0.000000 1.000000
-0.264756 0.049733 -0.963032 -6.041513 -0.049968 0.996620 0.065205 95.398354 0.963020 0.065384 -0.261376 20.292820 0.000000 0.000000 0.000000 1.000000
-0.338723 0.044415 -0.939837 -5.485348 -0.050238 0.996607 0.065204 95.365623 0.939544 0.069302 -0.335342 19.376791 0.000000 0.000000 0.000000 1.000000
-0.409824 0.038653 -0.911345 -4.828241 -0.051001 0.996568 0.065202 95.270905 0.910738 0.073201 -0.406446 18.377441 0.000000 0.000000 0.000000 1.000000
-0.477506 0.032375 -0.878032 -4.054365 -0.052319 0.996500 0.065196 95.121918 0.877070 0.077069 -0.474140 17.194815 0.000000 0.000000 0.000000 1.000000
-0.541337 0.025701 -0.840413 -3.146824 -0.053897 0.996416 0.065188 94.938553 0.839076 0.080585 -0.538012 15.821694 0.000000 0.000000 0.000000 1.000000
-0.601026 0.019070 -0.799002 -2.108901 -0.055039 0.996354 0.065182 94.739471 0.797332 0.083152 -0.597785 14.363385 0.000000 0.000000 0.000000 1.000000
-0.656360 0.012830 -0.754338 -0.964630 -0.055435 0.996333 0.065180 94.545090 0.752408 0.084598 -0.653242 12.937471 0.000000 0.000000 0.000000 1.000000
-0.707164 0.006921 -0.707015 0.247972 -0.055415 0.996334 0.065180 94.392319 0.704874 0.085272 -0.704188 11.589901 0.000000 0.000000 0.000000 1.000000
-0.753337 0.001084 -0.657634 1.474300 -0.055465 0.996331 0.065180 94.309891 0.655292 0.085578 -0.750512 10.310657 0.000000 0.000000 0.000000 1.000000
-0.794888 -0.004621 -0.606739 2.653461 -0.055543 0.996327 0.065179 94.288292 0.604209 0.085510 -0.792224 9.071165 0.000000 0.000000 0.000000 1.000000
-0.831903 -0.010186 -0.554828 3.724015 -0.055669 0.996320 0.065178 94.324577 0.552122 0.085109 -0.829408 7.849701 0.000000 0.000000 0.000000 1.000000
-0.864523 -0.015561 -0.502353 4.630022 -0.055807 0.996312 0.065179 94.409081 0.499486 0.084384 -0.862203 6.640084 0.000000 0.000000 0.000000 1.000000
-0.892932 -0.020711 -0.449716 5.319421 -0.055936 0.996304 0.065181 94.531624 0.446704 0.083358 -0.890790 5.449084 0.000000 0.000000 0.000000 1.000000
-0.917341 -0.025544 -0.397282 5.741617 -0.055973 0.996302 0.065185 94.646782 0.394148 0.082034 -0.915379 4.298269 0.000000 0.000000 0.000000 1.000000
-0.937980 -0.029996 -0.345390 5.856175 -0.055866 0.996308 0.065190 94.764771 0.342159 0.080442 -0.936192 3.221059 0.000000 0.000000 0.000000 1.000000
-0.955100 -0.033966 -0.294331 5.651732 -0.055523 0.996327 0.065194 94.890518 0.291035 0.078609 -0.953477 2.255298 0.000000 0.000000 0.000000 1.000000
-0.968967 -0.037409 -0.244345 5.158399 -0.054907 0.996361 0.065196 95.025719 0.241016 0.076589 -0.967494 1.436794 0.000000 0.000000 0.000000 1.000000
-0.979849 -0.040401 -0.195609 4.440217 -0.054099 0.996405 0.065197 95.165321 0.192272 0.074466 -0.978512 0.792134 0.000000 0.000000 0.000000 1.000000
-0.987996 -0.043397 -0.148259 3.573022 -0.053551 0.996434 0.065197 95.285065 0.144901 0.072354 -0.986797 0.331363 0.000000 0.000000 0.000000 1.000000
-0.993653 -0.046588 -0.102391 2.641744 -0.053437 0.996441 0.065197 95.378418 0.098989 0.070254 -0.992605 0.046786 0.000000 0.000000 0.000000 1.000000
-0.997065 -0.049887 -0.058082 1.742382 -0.053653 0.996429 0.065195 95.455460 0.054622 0.068120 -0.996181 -0.087115 0.000000 0.000000 0.000000 1.000000
-0.998467 -0.053177 -0.015382 0.969976 -0.054072 0.996407 0.065193 95.528923 0.011859 0.065925 -0.997754 -0.111928 0.000000 0.000000 0.000000 1.000000
-0.998054 -0.056631 0.026093 1.454414 -0.054831 0.996365 0.065191 95.562172 -0.029690 0.063634 -0.997532 -0.038949 0.000000 0.000000 0.000000 1.000000
-0.995850 -0.059564 0.068808 3.211707 -0.055089 0.996351 0.065191 95.448441 -0.072440 0.061130 -0.995498 0.082807 0.000000 0.000000 0.000000 1.000000
-0.991643 -0.062038 0.113119 5.110609 -0.054896 0.996362 0.065192 95.254524 -0.116752 0.058438 -0.991440 0.183837 0.000000 0.000000 0.000000 1.000000
-0.985186 -0.064367 0.158952 7.070732 -0.054580 0.996379 0.065193 95.006805 -0.162573 0.055552 -0.985131 0.220530 0.000000 0.000000 0.000000 1.000000
-0.976217 -0.066906 0.206214 8.896523 -0.054516 0.996382 0.065194 94.722809 -0.209830 0.052401 -0.976333 0.173910 0.000000 0.000000 0.000000 1.000000
-0.964472 -0.069830 0.254789 10.390936 -0.054917 0.996360 0.065192 94.434067 -0.258414 0.048884 -0.964797 0.041529 0.000000 0.000000 0.000000 1.000000
-0.949698 -0.073002 0.304539 11.457138 -0.055681 0.996318 0.065190 94.190331 -0.308177 0.044954 -0.950266 -0.180200 0.000000 0.000000 0.000000 1.000000
-0.931648 -0.076072 0.355310 12.114442 -0.056487 0.996273 0.065188 94.013031 -0.358945 0.040662 -0.932473 -0.512043 0.000000 0.000000 0.000000 1.000000
-0.910071 -0.078748 0.406903 12.451638 -0.057058 0.996240 0.065188 93.884911 -0.410506 0.036109 -0.911143 -0.997599 0.000000 0.000000 0.000000 1.000000
-0.884719 -0.080928 0.459047 12.571891 -0.057303 0.996226 0.065191 93.794624 -0.462590 0.031371 -0.886017 -1.697217 0.000000 0.000000 0.000000 1.000000
-0.855368 -0.082544 0.511402 12.553972 -0.057159 0.996234 0.065195 93.727478 -0.514858 0.026534 -0.856865 -2.672114 0.000000 0.000000 0.000000 1.000000
-0.821824 -0.083616 0.563572 12.443974 -0.056655 0.996263 0.065198 93.679932 -0.566917 0.021652 -0.823490 -3.967389 0.000000 0.000000 0.000000 1.000000
-0.783924 -0.084256 0.615113 12.249859 -0.055924 0.996304 0.065199 93.647987 -0.618333 0.016712 -0.785739 -5.575819 0.000000 0.000000 0.000000 1.000000
-0.741526 -0.084634 0.665565 11.960219 -0.055198 0.996344 0.065198 93.623840 -0.668650 0.011609 -0.743487 -7.445217 0.000000 0.000000 0.000000 1.000000
-0.694535 -0.084919 0.714430 11.568459 -0.054760 0.996369 0.065197 93.601326 -0.717372 0.006159 -0.696663 -9.512672 0.000000 0.000000 0.000000 1.000000
-0.642942 -0.085137 0.761168 11.069118 -0.054756 0.996369 0.065193 93.583153 -0.763955 0.000237 -0.645270 -11.696873 0.000000 0.000000 0.000000 1.000000
-0.586839 -0.085084 0.805221 10.465945 -0.055010 0.996355 0.065189 93.585220 -0.807833 -0.006040 -0.589381 -13.904548 0.000000 0.000000 0.000000 1.000000
-0.526390 -0.084440 0.846040 9.779982 -0.055059 0.996353 0.065186 93.619286 -0.848459 -0.012268 -0.529119 -16.030388 0.000000 0.000000 0.000000 1.000000
-0.461842 -0.083230 0.883049 9.053748 -0.054922 0.996361 0.065186 93.724030 -0.885260 -0.018393 -0.464732 -17.973631 0.000000 0.000000 0.000000 1.000000
-0.393548 -0.081514 0.915683 8.336895 -0.054704 0.996373 0.065186 93.917297 -0.917675 -0.024438 -0.396580 -19.657413 0.000000 0.000000 0.000000 1.000000
-0.321957 -0.079314 0.943426 7.671600 -0.054442 0.996387 0.065187 94.174324 -0.945188 -0.030375 -0.325112 -21.049372 0.000000 0.000000 0.000000 1.000000
-0.247604 -0.076608 0.965828 7.085775 -0.054003 0.996411 0.065189 94.458817 -0.967355 -0.036016 -0.250852 -22.135277 0.000000 0.000000 0.000000 1.000000
-0.171101 -0.073433 0.982513 6.592759 -0.053299 0.996448 0.065192 94.741150 -0.983811 -0.041213 -0.174408 -22.862312 0.000000 0.000000 0.000000 1.000000
-0.093129 -0.069873 0.993199 6.188931 -0.052357 0.996498 0.065196 94.996399 -0.994276 -0.045930 -0.096461 -23.129086 0.000000 0.000000 0.000000 1.000000
-0.014390 -0.066017 0.997715 5.846825 -0.051357 0.996550 0.065199 95.203262 -0.998577 -0.050301 -0.017731 -22.877439 0.000000 0.000000 0.000000 1.000000</float_array><technique_common><accessor source="#swat_Hips-Matrix-animation-output-transform-array" count="74" stride="16"><param type="float4x4"/></accessor></technique_common></source><source id="swat_Hips-Interpolations"><Name_array id="swat_Hips-Interpolations-array" count="74">
 LINEAR LINEAR LINEAR LINEAR LINEAR LINEAR LINEAR LINEAR LINEAR LINEAR LINEAR
LINEAR LINEAR LINEAR LINEAR LINEAR LINEAR LINEAR LINEAR LINEAR LINEAR LINEAR LINEAR
LINEAR LINEAR LINEAR LINEAR LINEAR LINEAR LINEAR LINEAR LINEAR LINEAR LINEAR LINEAR
LINEAR LINEAR LINEAR LINEAR LINEAR LINEAR LINEAR LINEAR LINEAR LINEAR LINEAR LINEAR
LINEAR LINEAR LINEAR LINEAR LINEAR LINEAR LINEAR LINEAR LINEAR LINEAR LINEAR LINEAR
LINEAR LINEAR LINEAR LINEAR LINEAR LINEAR LINEAR LINEAR LINEAR LINEAR LINEAR LINEAR
LINEAR LINEAR LINEAR</Name_array><technique_common><accessor source="#swat_Hips-Interpolations-array" count="74"><param type="name"/></accessor></technique_common></source><sampler id="swat_Hips-Matrix-animation-transform"><input semantic="INPUT" source="#swat_Hips-Matrix-animation-input"/><input semantic="OUTPUT" source="#swat_Hips-Matrix-animation-output-transform"/><input semantic="INTERPOLATION" source="#swat_Hips-Interpolations"/></sampler><channel source="#swat_Hips-Matrix-animation-transform" target="swat_Hips/matrix"/></animation>
    <animation id="swat_Spine-anim" name="swat_Spine"><source id="swat_Spine-Matrix-animation-input"><float_array id="swat_Spine-Matrix-animation-input-array" count="74">

0.000000 0.033333 0.066667 0.100000 0.133333 0.166667 0.200000 0.233333 0.266667 0.300000 0.333333 0.366667 0.400000 0.433333 0.466667 0.500000
0.533333 0.566667 0.600000 0.633333 0.666667 0.700000 0.733333 0.766667 0.800000 0.833333 0.866667 0.900000 0.933333 0.966667 1.000000 1.033333
1.066667 1.100000 1.133333 1.166667 1.200000 1.233333 1.266667 1.300000 1.333333 1.366667 1.400000 1.433333 1.466667 1.500000 1.533333 1.566667
1.600000 1.633333 1.666667 1.700000 1.733333 1.766667 1.800000 1.833333 1.866667 1.900000 1.933333 1.966667 2.000000 2.033333 2.066667 2.100000
2.133333 2.166667 2.200000 2.233333 2.266667 2.300000 2.333333 2.366667 2.400000 2.433333</float_array><technique_common><accessor source="#swat_Spine-Matrix-animation-input-array" count="74"><param name="TIME" type="float"/></accessor></technique_common></source><source id="swat_Spine-Matrix-animation-output-transform"><float_array id="swat_Spine-Matrix-animation-output-transform-array" count="1184">

0.998740 -0.042458 0.026756 -0.000000 0.043944 0.997370 -0.057629 9.226300 -0.024239 0.058732 0.997979 1.577100 0.000000 0.000000 0.000000 1.000000
0.998992 -0.040902 0.018473 0.000000 0.041850 0.997653 -0.054194 9.226300 -0.016213 0.054912 0.998360 1.577100 0.000000 0.000000 0.000000 1.000000
0.999191 -0.037821 0.013667 0.000000 0.038473 0.997952 -0.051106 9.226300 -0.011706 0.051590 0.998600 1.577100 0.000000 0.000000 0.000000 1.000000
0.999294 -0.034886 0.013948 0.000000 0.035531 0.998166 -0.049021 9.226300 -0.012212 0.049482 0.998700 1.577100 0.000000 0.000000 0.000000 1.000000
0.999224 -0.033860 0.020126 0.000000 0.034807 0.998206 -0.048724 9.226300 -0.018440 0.049386 0.998610 1.577100 0.000000 0.000000 0.000000 1.000000
0.998868 -0.035848 0.031281 0.000000 0.037402 0.998019 -0.050585 9.226300 -0.029406 0.051698 0.998230 1.577100 0.000000 0.000000 0.000000 1.000000
0.998148 -0.040634 0.045272 -0.000000 0.043069 0.997602 -0.054178 9.226300 -0.042961 0.056027 0.997505 1.577100 0.000000 0.000000 0.000000 1.000000
0.997090 -0.047154 0.059894 0.000000 0.050657 0.997008 -0.058387 9.226300 -0.056962 0.061251 0.996496 1.577100 0.000000 0.000000 0.000000 1.000000
0.995780 -0.054499 0.073837 0.000000 0.059123 0.996326 -0.061960 9.226300 -0.070189 0.066064 0.995344 1.577100 0.000000 0.000000 0.000000 1.000000
0.994263 -0.062598 0.086734 0.000000 0.068272 0.995607 -0.064069 9.226300 -0.082343 0.069623 0.994169 1.577100 0.000000 0.000000 0.000000 1.000000
0.992567 -0.071586 0.098422 -0.000000 0.078156 0.994845 -0.064609 9.226300 -0.093290 0.071821 0.993045 1.577100 0.000000 0.000000 0.000000 1.000000
0.990834 -0.080843 0.108219 0.000000 0.088104 0.994048 -0.064080 9.226300 -0.102395 0.073027 0.992060 1.577100 0.000000 0.000000 0.000000 1.000000
0.989370 -0.089013 0.114992 0.000000 0.096709 0.993306 -0.063171 9.226300 -0.108599 0.073620 0.991356 1.577100 0.000000 0.000000 0.000000 1.000000
0.988479 -0.094870 0.117936 0.000000 0.102718 0.992755 -0.062340 9.226300 -0.111168 0.073736 0.991062 1.577100 0.000000 0.000000 0.000000 1.000000
0.988241 -0.098144 0.117247 0.000000 0.105881 0.992464 -0.061681 9.226300 -0.110310 0.073370 0.991185 1.577100 0.000000 0.000000 0.000000 1.000000
0.988490 -0.099488 0.113973 -0.000000 0.106922 0.992390 -0.061069 9.226300 -0.107031 0.072552 0.991605 1.577100 0.000000 0.000000 0.000000 1.000000
0.989011 -0.099585 0.109268 0.000000 0.106607 0.992464 -0.060414 9.226300 -0.102429 0.071399 0.992175 1.577100 0.000000 0.000000 0.000000 1.000000
0.989711 -0.098460 0.103813 0.000000 0.105023 0.992673 -0.059752 9.226300 -0.097169 0.070040 0.992800 1.577100 0.000000 0.000000 0.000000 1.000000
0.990552 -0.096161 0.097773 -0.000000 0.102234 0.993003 -0.059108 9.226300 -0.091405 0.068545 0.993452 1.577100 0.000000 0.000000 0.000000 1.000000
0.991469 -0.093153 0.091164 0.000000 0.098707 0.993399 -0.058434 9.226300 -0.085119 0.066934 0.994120 1.577100 0.000000 0.000000 0.000000 1.000000
0.992391 -0.089878 0.084159 0.000000 0.094899 0.993814 -0.057681 9.226300 -0.078454 0.065228 0.994781 1.577100 0.000000 0.000000 0.000000 1.000000
0.993266 -0.086497 0.077080 -0.000000 0.090992 0.994228 -0.056851 9.226300 -0.071717 0.063482 0.995403 1.577100 0.000000 0.000000 0.000000 1.000000
0.994062 -0.083121 0.070232 0.000000 0.087122 0.994625 -0.055959 9.226300 -0.065203 0.061745 0.995960 1.577100 0.000000 0.000000 0.000000 1.000000
0.994745 -0.080002 0.063886 0.000000 0.083553 0.994985 -0.054990 9.226300 -0.059166 0.060039 0.996441 1.577100 0.000000 0.000000 0.000000 1.000000
0.995261 -0.077796 0.058340 0.000000 0.080956 0.995259 -0.053912 9.226300 -0.053869 0.058380 0.996840 1.577100 0.000000 0.000000 0.000000 1.000000
0.995558 -0.077047 0.054106 0.000000 0.079903 0.995405 -0.052765 9.226300 -0.049792 0.056854 0.997140 1.577100 0.000000 0.000000 0.000000 1.000000
0.995638 -0.077749 0.051568 -0.000000 0.080410 0.995420 -0.051709 9.226300 -0.047312 0.055630 0.997330 1.577100 0.000000 0.000000 0.000000 1.000000
0.995585 -0.079015 0.050670 0.000000 0.081589 0.995364 -0.050920 9.226300 -0.046412 0.054830 0.997416 1.577100 0.000000 0.000000 0.000000 1.000000
0.995486 -0.080128 0.050861 0.000000 0.082686 0.995303 -0.050346 9.226300 -0.046588 0.054324 0.997436 1.577100 0.000000 0.000000 0.000000 1.000000
0.995437 -0.080423 0.051362 0.000000 0.082973 0.995316 -0.049611 9.226300 -0.047132 0.053646 0.997447 1.577100 0.000000 0.000000 0.000000 1.000000
0.995460 -0.080060 0.051482 0.000000 0.082548 0.995422 -0.048168 9.226300 -0.047390 0.052199 0.997512 1.577100 0.000000 0.000000 0.000000 1.000000
0.995574 -0.079063 0.050814 -0.000000 0.081403 0.995630 -0.045773 9.226300 -0.046973 0.049707 0.997659 1.577100 0.000000 0.000000 0.000000 1.000000
0.995836 -0.076743 0.049210 0.000000 0.078872 0.995962 -0.042882 9.226300 -0.045721 0.046585 0.997867 1.577100 0.000000 0.000000 0.000000 1.000000
0.996273 -0.072520 0.046701 -0.000000 0.074430 0.996401 -0.040552 9.226300 -0.043592 0.043877 0.998085 1.577100 0.000000 0.000000 0.000000 1.000000
0.996817 -0.066751 0.043602 0.000000 0.068497 0.996855 -0.039862 9.226300 -0.040804 0.042722 0.998253 1.577100 0.000000 0.000000 0.000000 1.000000
0.997324 -0.060709 0.040733 0.000000 0.062386 0.997200 -0.041243 9.226300 -0.038115 0.043674 0.998318 1.577100 0.000000 0.000000 0.000000 1.000000
0.997683 -0.055546 0.039280 0.000000 0.057270 0.997379 -0.044225 9.226300 -0.036721 0.046372 0.998249 1.577100 0.000000 0.000000 0.000000 1.000000
0.997846 -0.051881 0.040148 0.000000 0.053780 0.997410 -0.047763 9.226300 -0.037566 0.049820 0.998051 1.577100 0.000000 0.000000 0.000000 1.000000
0.997862 -0.048975 0.043270 0.000000 0.051161 0.997389 -0.050962 9.226300 -0.040661 0.053067 0.997763 1.577100 0.000000 0.000000 0.000000 1.000000
0.997847 -0.045207 0.047521 0.000000 0.047739 0.997423 -0.053565 9.226300 -0.044977 0.055718 0.997433 1.577100 0.000000 0.000000 0.000000 1.000000
0.997901 -0.039359 0.051422 0.000000 0.042224 0.997544 -0.055876 9.226300 -0.049096 0.057930 0.997113 1.577100 0.000000 0.000000 0.000000 1.000000
0.998026 -0.031886 0.054112 -0.000000 0.035033 0.997688 -0.058238 9.226300 -0.052130 0.060019 0.996835 1.577100 0.000000 0.000000 0.000000 1.000000
0.998135 -0.024854 0.055759 -0.000000 0.028229 0.997764 -0.060576 9.226300 -0.054129 0.062037 0.996605 1.577100 0.000000 0.000000 0.000000 1.000000
0.998159 -0.020781 0.056988 0.000000 0.024333 0.997756 -0.062371 9.226300 -0.055564 0.063643 0.996425 1.577100 0.000000 0.000000 0.000000 1.000000
0.998102 -0.021130 0.057853 0.000000 0.024775 0.997703 -0.063045 9.226300 -0.056388 0.064359 0.996332 1.577100 0.000000 0.000000 0.000000 1.000000
0.998025 -0.025738 0.057311 0.000000 0.029311 0.997621 -0.062399 9.226300 -0.055568 0.063955 0.996404 1.577100 0.000000 0.000000 0.000000 1.000000
0.998028 -0.032514 0.053690 -0.000000 0.035769 0.997507 -0.060832 9.226300 -0.051578 0.062632 0.996703 1.577100 0.000000 0.000000 0.000000 1.000000
0.998203 -0.038620 0.045823 0.000000 0.041302 0.997396 -0.059119 9.226300 -0.043420 0.060905 0.997199 1.577100 0.000000 0.000000 0.000000 1.000000
0.998543 -0.042013 0.033872 0.000000 0.043928 0.997354 -0.057933 9.226300 -0.031348 0.059337 0.997746 1.577100 0.000000 0.000000 0.000000 1.000000
0.998870 -0.042035 0.022164 0.000000 0.043217 0.997501 -0.055892 9.226300 -0.019759 0.056787 0.998191 1.577100 0.000000 0.000000 0.000000 1.000000
0.999101 -0.039445 0.015545 0.000000 0.040212 0.997807 -0.052573 9.226300 -0.013437 0.053151 0.998496 1.577100 0.000000 0.000000 0.000000 1.000000
0.999258 -0.036225 0.013081 0.000000 0.036835 0.998075 -0.049886 9.226300 -0.011249 0.050331 0.998669 1.577100 0.000000 0.000000 0.000000 1.000000
0.999287 -0.034037 0.016318 0.000000 0.034794 0.998212 -0.048610 9.226300 -0.014635 0.049143 0.998685 1.577100 0.000000 0.000000 0.000000 1.000000
0.999088 -0.034461 0.025199 0.000000 0.035674 0.998142 -0.049391 9.226300 -0.023450 0.050245 0.998462 1.577100 0.000000 0.000000 0.000000 1.000000
0.998554 -0.037950 0.038073 0.000000 0.039914 0.997837 -0.052224 9.226300 -0.036008 0.053668 0.997909 1.577100 0.000000 0.000000 0.000000 1.000000
0.997656 -0.043750 0.052613 0.000000 0.046704 0.997322 -0.056288 9.226300 -0.050009 0.058613 0.997027 1.577100 0.000000 0.000000 0.000000 1.000000
0.996462 -0.050746 0.066989 0.000000 0.054812 0.996673 -0.060320 9.226300 -0.063705 0.063779 0.995929 1.577100 0.000000 0.000000 0.000000 1.000000
0.995047 -0.058437 0.080420 -0.000000 0.063601 0.995971 -0.063222 9.226300 -0.076402 0.068023 0.994754 1.577100 0.000000 0.000000 0.000000 1.000000
0.993432 -0.066998 0.092756 0.000000 0.073143 0.995233 -0.064514 9.226300 -0.087992 0.070874 0.993597 1.577100 0.000000 0.000000 0.000000 1.000000
0.991689 -0.076254 0.103625 -0.000000 0.083199 0.994448 -0.064433 9.226300 -0.098136 0.072519 0.992527 1.577100 0.000000 0.000000 0.000000 1.000000
0.990047 -0.085159 0.112052 0.000000 0.092672 0.993661 -0.063635 9.226300 -0.105923 0.073386 0.991663 1.577100 0.000000 0.000000 0.000000 1.000000
0.988841 -0.092278 0.116957 0.000000 0.100086 0.992999 -0.062732 9.226300 -0.110349 0.073737 0.991154 1.577100 0.000000 0.000000 0.000000 1.000000
0.988285 -0.096801 0.117993 0.000000 0.104623 0.992578 -0.061995 9.226300 -0.111116 0.073614 0.991077 1.577100 0.000000 0.000000 0.000000 1.000000
0.988320 -0.099005 0.115854 0.000000 0.106609 0.992405 -0.061377 9.226300 -0.108898 0.073011 0.991368 1.577100 0.000000 0.000000 0.000000 1.000000
0.988726 -0.099670 0.111742 -0.000000 0.106907 0.992412 -0.060747 9.226300 -0.104840 0.072008 0.991879 1.577100 0.000000 0.000000 0.000000 1.000000
0.989340 -0.099196 0.106615 0.000000 0.105992 0.992550 -0.060079 9.226300 -0.099861 0.070739 0.992484 1.577100 0.000000 0.000000 0.000000 1.000000
0.990117 -0.097436 0.100868 0.000000 0.103756 0.992826 -0.059429 9.226300 -0.094353 0.069308 0.993123 1.577100 0.000000 0.000000 0.000000 1.000000
0.991006 -0.094715 0.094533 0.000000 0.100532 0.993196 -0.058779 9.226300 -0.088323 0.067754 0.993785 1.577100 0.000000 0.000000 0.000000 1.000000
0.991934 -0.091523 0.087693 0.000000 0.096811 0.993607 -0.058069 9.226300 -0.081818 0.066090 0.994454 1.577100 0.000000 0.000000 0.000000 1.000000
0.992836 -0.088197 0.080609 -0.000000 0.092953 0.994022 -0.057274 9.226300 -0.075075 0.064356 0.995099 1.577100 0.000000 0.000000 0.000000 1.000000
0.993675 -0.084797 0.073611 -0.000000 0.089040 0.994429 -0.056413 9.226300 -0.068417 0.062610 0.995690 1.577100 0.000000 0.000000 0.000000 1.000000
0.994421 -0.081490 0.066981 0.000000 0.085260 0.994813 -0.055487 9.226300 -0.062112 0.060888 0.996210 1.577100 0.000000 0.000000 0.000000 1.000000
0.995028 -0.078745 0.060981 0.000000 0.082091 0.995135 -0.054465 9.226300 -0.056396 0.059200 0.996652 1.577100 0.000000 0.000000 0.000000 1.000000
0.995439 -0.077212 0.056027 0.000000 0.080207 0.995350 -0.053340 9.226300 -0.051648 0.057591 0.997003 1.577100 0.000000 0.000000 0.000000 1.000000</float_array><technique_common><accessor source="#swat_Spine-Matrix-animation-output-transform-array" count="74" stride="16"><param type="float4x4"/></accessor></technique_common></source><source id="swat_Spine-Interpolations"><Name_array id="swat_Spine-Interpolations-array" count="74">
 LINEAR LINEAR LINEAR LINEAR LINEAR LINEAR LINEAR LINEAR LINEAR LINEAR LINEAR
LINEAR LINEAR LINEAR LINEAR LINEAR LINEAR LINEAR LINEAR LINEAR LINEAR LINEAR LINEAR
LINEAR LINEAR LINEAR LINEAR LINEAR LINEAR LINEAR LINEAR LINEAR LINEAR LINEAR LINEAR
LINEAR LINEAR LINEAR LINEAR LINEAR LINEAR LINEAR LINEAR LINEAR LINEAR LINEAR LINEAR
LINEAR LINEAR LINEAR LINEAR LINEAR LINEAR LINEAR LINEAR LINEAR LINEAR LINEAR LINEAR
LINEAR LINEAR LINEAR LINEAR LINEAR LINEAR LINEAR LINEAR LINEAR LINEAR LINEAR LINEAR
LINEAR LINEAR LINEAR</Name_array><technique_common><accessor source="#swat_Spine-Interpolations-array" count="74"><param type="name"/></accessor></technique_common></source><sampler id="swat_Spine-Matrix-animation-transform"><input semantic="INPUT" source="#swat_Spine-Matrix-animation-input"/><input semantic="OUTPUT" source="#swat_Spine-Matrix-animation-output-transform"/><input semantic="INTERPOLATION" source="#swat_Spine-Interpolations"/></sampler><channel source="#swat_Spine-Matrix-animation-transform" target="swat_Spine/matrix"/></animation>
    <animation id="swat_Spine1-anim" name="swat_Spine1"><source id="swat_Spine1-Matrix-animation-input"><float_array id="swat_Spine1-Matrix-animation-input-array" count="74">

0.000000 0.033333 0.066667 0.100000 0.133333 0.166667 0.200000 0.233333 0.266667 0.300000 0.333333 0.366667 0.400000 0.433333 0.466667 0.500000
0.533333 0.566667 0.600000 0.633333 0.666667 0.700000 0.733333 0.766667 0.800000 0.833333 0.866667 0.900000 0.933333 0.966667 1.000000 1.033333
1.066667 1.100000 1.133333 1.166667 1.200000 1.233333 1.266667 1.300000 1.333333 1.366667 1.400000 1.433333 1.466667 1.500000 1.533333 1.566667
1.600000 1.633333 1.666667 1.700000 1.733333 1.766667 1.800000 1.833333 1.866667 1.900000 1.933333 1.966667 2.000000 2.033333 2.066667 2.100000
2.133333 2.166667 2.200000 2.233333 2.266667 2.300000 2.333333 2.366667 2.400000 2.433333</float_array><technique_common><accessor source="#swat_Spine1-Matrix-animation-input-array" count="74"><param name="TIME" type="float"/></accessor></technique_common></source><source id="swat_Spine1-Matrix-animation-output-transform"><float_array id="swat_Spine1-Matrix-animation-output-transform-array" count="1184">

0.999615 -0.027098 0.005925 0.000000 0.027212 0.999428 -0.020103 16.254000 -0.005376 0.020256 0.999780 -0.165600 0.000000 0.000000 0.000000 1.000000
0.999594 -0.028302 0.003369 -0.000000 0.028361 0.999417 -0.018996 16.254000 -0.002830 0.019084 0.999814 -0.165600 0.000000 0.000000 0.000000 1.000000
0.999564 -0.029460 0.001773 0.000000 0.029488 0.999399 -0.018197 16.254000 -0.001236 0.018241 0.999833 -0.165600 0.000000 0.000000 0.000000 1.000000
0.999525 -0.030761 0.001602 -0.000000 0.030785 0.999366 -0.017889 16.254000 -0.001051 0.017930 0.999839 -0.165600 0.000000 0.000000 0.000000 1.000000
0.999469 -0.032434 0.003126 0.000000 0.032486 0.999306 -0.018207 16.254000 -0.002533 0.018299 0.999829 -0.165600 0.000000 0.000000 0.000000 1.000000
0.999382 -0.034607 0.006145 0.000000 0.034719 0.999215 -0.019096 16.254000 -0.005479 0.019297 0.999799 -0.165600 0.000000 0.000000 0.000000 1.000000
0.999257 -0.037205 0.010084 -0.000000 0.037404 0.999094 -0.020290 16.254000 -0.009320 0.020652 0.999743 -0.165600 0.000000 0.000000 0.000000 1.000000
0.999098 -0.040000 0.014253 0.000000 0.040300 0.998958 -0.021401 16.254000 -0.013382 0.021956 0.999669 -0.165600 0.000000 0.000000 0.000000 1.000000
0.998920 -0.042767 0.018134 0.000000 0.043164 0.998824 -0.022092 16.254000 -0.017168 0.022850 0.999591 -0.165600 0.000000 0.000000 0.000000 1.000000
0.998735 -0.045427 0.021541 0.000000 0.045904 0.998699 -0.022225 16.254000 -0.020503 0.023186 0.999521 -0.165600 0.000000 0.000000 0.000000 1.000000
0.998544 -0.048035 0.024556 -0.000000 0.048574 0.998580 -0.021868 16.254000 -0.023471 0.023029 0.999459 -0.165600 0.000000 0.000000 0.000000 1.000000
0.998345 -0.050606 0.027303 0.000000 0.051202 0.998454 -0.021612 16.254000 -0.026167 0.022974 0.999394 -0.165600 0.000000 0.000000 0.000000 1.000000
0.998158 -0.052909 0.029679 0.000000 0.053556 0.998335 -0.021444 16.254000 -0.028495 0.022994 0.999329 -0.165600 0.000000 0.000000 0.000000 1.000000
0.998028 -0.054421 0.031267 0.000000 0.055102 0.998253 -0.021340 16.254000 -0.030051 0.023021 0.999283 -0.165600 0.000000 0.000000 0.000000 1.000000
0.998016 -0.054534 0.031466 0.000000 0.055217 0.998248 -0.021267 16.254000 -0.030251 0.022962 0.999279 -0.165600 0.000000 0.000000 0.000000 1.000000
0.998152 -0.052937 0.029822 0.000000 0.053578 0.998340 -0.021111 16.254000 -0.028655 0.022670 0.999332 -0.165600 0.000000 0.000000 0.000000 1.000000
0.998404 -0.049947 0.026345 -0.000000 0.050495 0.998513 -0.020554 16.254000 -0.025279 0.021852 0.999442 -0.165600 0.000000 0.000000 0.000000 1.000000
0.998683 -0.046512 0.021647 -0.000000 0.046938 0.998705 -0.019620 16.254000 -0.020706 0.020611 0.999573 -0.165600 0.000000 0.000000 0.000000 1.000000
0.998898 -0.043823 0.016790 0.000000 0.044135 0.998851 -0.018673 16.254000 -0.015953 0.019393 0.999685 -0.165600 0.000000 0.000000 0.000000 1.000000
0.999004 -0.042715 0.012895 -0.000000 0.042945 0.998913 -0.018135 16.254000 -0.012106 0.018670 0.999752 -0.165600 0.000000 0.000000 0.000000 1.000000
0.999007 -0.043252 0.010667 0.000000 0.043441 0.998890 -0.018195 16.254000 -0.009868 0.018640 0.999778 -0.165600 0.000000 0.000000 0.000000 1.000000
0.998945 -0.044796 0.010117 0.000000 0.044979 0.998813 -0.018683 16.254000 -0.009268 0.019119 0.999774 -0.165600 0.000000 0.000000 0.000000 1.000000
0.998863 -0.046483 0.010626 -0.000000 0.046681 0.998725 -0.019211 16.254000 -0.009720 0.019685 0.999759 -0.165600 0.000000 0.000000 0.000000 1.000000
0.998796 -0.047732 0.011347 -0.000000 0.047946 0.998660 -0.019453 16.254000 -0.010403 0.019974 0.999746 -0.165600 0.000000 0.000000 0.000000 1.000000
0.998758 -0.048442 0.011651 0.000000 0.048662 0.998628 -0.019346 16.254000 -0.010698 0.019888 0.999745 -0.165600 0.000000 0.000000 0.000000 1.000000
0.998740 -0.048864 0.011438 0.000000 0.049077 0.998613 -0.019058 16.254000 -0.010490 0.019595 0.999753 -0.165600 0.000000 0.000000 0.000000 1.000000
0.998724 -0.049284 0.011012 0.000000 0.049486 0.998598 -0.018811 16.254000 -0.010070 0.019332 0.999762 -0.165600 0.000000 0.000000 0.000000 1.000000
0.998700 -0.049822 0.010745 0.000000 0.050017 0.998573 -0.018691 16.254000 -0.009798 0.019204 0.999768 -0.165600 0.000000 0.000000 0.000000 1.000000
0.998669 -0.050428 0.010791 0.000000 0.050623 0.998545 -0.018575 16.254000 -0.009838 0.019097 0.999769 -0.165600 0.000000 0.000000 0.000000 1.000000
0.998638 -0.050988 0.011034 -0.000000 0.051184 0.998523 -0.018239 16.254000 -0.010088 0.018779 0.999773 -0.165600 0.000000 0.000000 0.000000 1.000000
0.998615 -0.051398 0.011235 0.000000 0.051589 0.998515 -0.017503 16.254000 -0.010319 0.018058 0.999784 -0.165600 0.000000 0.000000 0.000000 1.000000
0.998607 -0.051562 0.011197 0.000000 0.051742 0.998526 -0.016397 16.254000 -0.010335 0.016953 0.999803 -0.165600 0.000000 0.000000 0.000000 1.000000
0.998621 -0.051371 0.010840 -0.000000 0.051533 0.998556 -0.015200 16.254000 -0.010043 0.015737 0.999826 -0.165600 0.000000 0.000000 0.000000 1.000000
0.998661 -0.050727 0.010193 0.000000 0.050870 0.998602 -0.014338 16.254000 -0.009451 0.014837 0.999845 -0.165600 0.000000 0.000000 0.000000 1.000000
0.998724 -0.049624 0.009396 0.000000 0.049754 0.998661 -0.014166 16.254000 -0.008680 0.014615 0.999856 -0.165600 0.000000 0.000000 0.000000 1.000000
0.998800 -0.048201 0.008712 -0.000000 0.048326 0.998722 -0.014775 16.254000 -0.007989 0.015178 0.999853 -0.165600 0.000000 0.000000 0.000000 1.000000
0.998874 -0.046670 0.008472 0.000000 0.046800 0.998777 -0.015937 16.254000 -0.007718 0.016315 0.999837 -0.165600 0.000000 0.000000 0.000000 1.000000
0.998940 -0.045171 0.008911 -0.000000 0.045320 0.998824 -0.017242 16.254000 -0.008121 0.017627 0.999812 -0.165600 0.000000 0.000000 0.000000 1.000000
0.998997 -0.043655 0.009989 -0.000000 0.043833 0.998871 -0.018331 16.254000 -0.009177 0.018750 0.999782 -0.165600 0.000000 0.000000 0.000000 1.000000
0.999056 -0.041921 0.011371 -0.000000 0.042133 0.998930 -0.019068 16.254000 -0.010560 0.019530 0.999754 -0.165600 0.000000 0.000000 0.000000 1.000000
0.999128 -0.039804 0.012634 0.000000 0.040046 0.999007 -0.019551 16.254000 -0.011844 0.020040 0.999729 -0.165600 0.000000 0.000000 0.000000 1.000000
0.999210 -0.037359 0.013539 -0.000000 0.037625 0.999092 -0.019967 16.254000 -0.012781 0.020461 0.999709 -0.165600 0.000000 0.000000 0.000000 1.000000
0.999291 -0.034900 0.014139 0.000000 0.035185 0.999172 -0.020436 16.254000 -0.013414 0.020919 0.999691 -0.165600 0.000000 0.000000 0.000000 1.000000
0.999354 -0.032840 0.014612 0.000000 0.033142 0.999232 -0.020924 16.254000 -0.013914 0.021395 0.999674 -0.165600 0.000000 0.000000 0.000000 1.000000
0.999393 -0.031449 0.014958 0.000000 0.031764 0.999269 -0.021295 16.254000 -0.014277 0.021758 0.999661 -0.165600 0.000000 0.000000 0.000000 1.000000
0.999419 -0.030681 0.014851 -0.000000 0.030995 0.999290 -0.021418 16.254000 -0.014184 0.021866 0.999660 -0.165600 0.000000 0.000000 0.000000 1.000000
0.999449 -0.030176 0.013804 0.000000 0.030465 0.999310 -0.021251 16.254000 -0.013153 0.021659 0.999679 -0.165600 0.000000 0.000000 0.000000 1.000000
0.999501 -0.029433 0.011495 0.000000 0.029668 0.999342 -0.020859 16.254000 -0.010874 0.021190 0.999716 -0.165600 0.000000 0.000000 0.000000 1.000000
0.999574 -0.028061 0.007999 0.000000 0.028219 0.999394 -0.020360 16.254000 -0.007422 0.020577 0.999761 -0.165600 0.000000 0.000000 0.000000 1.000000
0.999606 -0.027719 0.004524 0.000000 0.027802 0.999423 -0.019512 16.254000 -0.003980 0.019630 0.999799 -0.165600 0.000000 0.000000 0.000000 1.000000
0.999580 -0.028877 0.002425 0.000000 0.028917 0.999410 -0.018548 16.254000 -0.001888 0.018610 0.999825 -0.165600 0.000000 0.000000 0.000000 1.000000
0.999546 -0.030078 0.001482 0.000000 0.030100 0.999385 -0.017970 16.254000 -0.000941 0.018007 0.999837 -0.165600 0.000000 0.000000 0.000000 1.000000
0.999500 -0.031539 0.002154 0.000000 0.031573 0.999340 -0.017968 16.254000 -0.001586 0.018027 0.999836 -0.165600 0.000000 0.000000 0.000000 1.000000
0.999430 -0.033458 0.004478 0.000000 0.033536 0.999265 -0.018592 16.254000 -0.003853 0.018732 0.999817 -0.165600 0.000000 0.000000 0.000000 1.000000
0.999324 -0.035865 0.008044 0.000000 0.036018 0.999157 -0.019678 16.254000 -0.007331 0.019954 0.999774 -0.165600 0.000000 0.000000 0.000000 1.000000
0.999181 -0.038595 0.012179 -0.000000 0.038843 0.999027 -0.020880 16.254000 -0.011361 0.021336 0.999708 -0.165600 0.000000 0.000000 0.000000 1.000000
0.999011 -0.041397 0.016249 0.000000 0.041746 0.998890 -0.021813 16.254000 -0.015328 0.022470 0.999630 -0.165600 0.000000 0.000000 0.000000 1.000000
0.998829 -0.044109 0.019896 -0.000000 0.044548 0.998760 -0.022227 16.254000 -0.018891 0.023087 0.999555 -0.165600 0.000000 0.000000 0.000000 1.000000
0.998641 -0.046732 0.023087 0.000000 0.047243 0.998639 -0.022076 16.254000 -0.022024 0.023137 0.999490 -0.165600 0.000000 0.000000 0.000000 1.000000
0.998445 -0.049332 0.025962 0.000000 0.049900 0.998518 -0.021726 16.254000 -0.024852 0.022988 0.999427 -0.165600 0.000000 0.000000 0.000000 1.000000
0.998248 -0.051818 0.028556 0.000000 0.052441 0.998392 -0.021519 16.254000 -0.027395 0.022979 0.999361 -0.165600 0.000000 0.000000 0.000000 1.000000
0.998082 -0.053804 0.030609 -0.000000 0.054471 0.998286 -0.021382 16.254000 -0.029406 0.023008 0.999303 -0.165600 0.000000 0.000000 0.000000 1.000000
0.998004 -0.054684 0.031576 0.000000 0.055371 0.998239 -0.021306 16.254000 -0.030355 0.023012 0.999274 -0.165600 0.000000 0.000000 0.000000 1.000000
0.998066 -0.053946 0.030888 0.000000 0.054615 0.998282 -0.021215 16.254000 -0.029690 0.022861 0.999298 -0.165600 0.000000 0.000000 0.000000 1.000000
0.998269 -0.051569 0.028288 0.000000 0.052169 0.998420 -0.020892 16.254000 -0.027166 0.022332 0.999381 -0.165600 0.000000 0.000000 0.000000 1.000000
0.998547 -0.048209 0.024089 0.000000 0.048698 0.998611 -0.020117 16.254000 -0.023086 0.021261 0.999507 -0.165600 0.000000 0.000000 0.000000 1.000000
0.998803 -0.045007 0.019163 -0.000000 0.045373 0.998787 -0.019119 16.254000 -0.018280 0.019966 0.999634 -0.165600 0.000000 0.000000 0.000000 1.000000
0.998965 -0.043048 0.014664 0.000000 0.043314 0.998893 -0.018332 16.254000 -0.013859 0.018948 0.999724 -0.165600 0.000000 0.000000 0.000000 1.000000
0.999017 -0.042806 0.011555 -0.000000 0.043010 0.998911 -0.018093 16.254000 -0.010768 0.018572 0.999770 -0.165600 0.000000 0.000000 0.000000 1.000000
0.998981 -0.043954 0.010209 0.000000 0.044136 0.998856 -0.018408 16.254000 -0.009389 0.018840 0.999778 -0.165600 0.000000 0.000000 0.000000 1.000000
0.998904 -0.045669 0.010292 -0.000000 0.045858 0.998768 -0.018967 16.254000 -0.009413 0.019418 0.999767 -0.165600 0.000000 0.000000 0.000000 1.000000
0.998826 -0.047179 0.011010 0.000000 0.047386 0.998689 -0.019379 16.254000 -0.010081 0.019878 0.999752 -0.165600 0.000000 0.000000 0.000000 1.000000
0.998773 -0.048143 0.011570 0.000000 0.048362 0.998641 -0.019436 16.254000 -0.010618 0.019972 0.999744 -0.165600 0.000000 0.000000 0.000000 1.000000
0.998748 -0.048669 0.011596 0.000000 0.048886 0.998620 -0.019209 16.254000 -0.010645 0.019752 0.999748 -0.165600 0.000000 0.000000 0.000000 1.000000</float_array><technique_common><accessor source="#swat_Spine1-Matrix-animation-output-transform-array" count="74" stride="16"><param type="float4x4"/></accessor></technique_common></source><source id="swat_Spine1-Interpolations"><Name_array id="swat_Spine1-Interpolations-array" count="74">
