<?xml version="1.0" encoding="utf-8"?>
<COLLADA xmlns="http://www.collada.org/2005/11/COLLADASchema" version="1.4.1">
  <asset><contributor><author>Mixamo</author><authoring_tool>COLLADA Mixamo exporter</authoring_tool><comments></comments></contributor><created>2018-12-20T16:39:36Z</created><modified>2018-12-20T16:39:36Z</modified><revision></revision><title></title><unit meter="0.010000"/><up_axis>Y_UP</up_axis></asset>
  <library_animations>
    <animation id="swat_Hips-anim" name="swat_Hips"><source id="swat_Hips-Matrix-animation-input"><float_array id="swat_Hips-Matrix-animation-input-array" count="81">

0.000000 0.033333 0.066667 0.100000 0.133333 0.166667 0.200000 0.233333 0.266667 0.300000 0.333333 0.366667 0.400000 0.433333 0.466667 0.500000
0.533333 0.566667 0.600000 0.633333 0.666667 0.700000 0.733333 0.766667 0.800000 0.833333 0.866667 0.900000 0.933333 0.966667 1.000000 1.033333
1.066667 1.100000 1.133333 1.166667 1.200000 1.233333 1.266667 1.300000 1.333333 1.366667 1.400000 1.433333 1.466667 1.500000 1.533333 1.566667
1.600000 1.633333 1.666667 1.700000 1.733333 1.766667 1.800000 1.833333 1.866667 1.900000 1.933333 1.966667 2.000000 2.033333 2.066667 2.100000
2.133333 2.166667 2.200000 2.233333 2.266667 2.300000 2.333333 2.366667 2.400000 2.433333 2.466667 2.500000 2.533333 2.566667 2.600000 2.633333
2.666667</float_array><technique_common><accessor source="#swat_Hips-Matrix-animation-input-array" count="81"><param name="TIME" type="float"/></accessor></technique_common></source><source id="swat_Hips-Matrix-animation-output-transform"><float_array id="swat_Hips-Matrix-animation-output-transform-array" count="1296">

0.997703 0.045623 -0.050074 0.012103 -0.040098 0.993527 0.106282 94.912704 0.054599 -0.104030 0.993074 -0.000680 0.000000 0.000000 0.000000 1.000000
0.997702 0.045696 -0.050024 -0.034207 -0.040120 0.993418 0.107292 94.903343 0.054598 -0.105039 0.992968 0.039403 0.000000 0.000000 0.000000 1.000000
0.997724 0.045915 -0.049387 -0.107046 -0.040337 0.993273 0.108541 94.887558 0.054039 -0.106301 0.992864 0.098039 0.000000 0.000000 0.000000 1.000000
0.997763 0.046226 -0.048286 -0.205503 -0.040666 0.993057 0.110378 94.859993 0.053054 -0.108168 0.992716 0.183170 0.000000 0.000000 0.000000 1.000000
0.997841 0.046603 -0.046280 -0.340723 -0.041110 0.992712 0.113279 94.807518 0.051222 -0.111132 0.992485 0.322776 0.000000 0.000000 0.000000 1.000000
0.997998 0.047000 -0.042320 -0.501653 -0.041792 0.992310 0.116506 94.732628 0.047471 -0.114504 0.992288 0.519404 0.000000 0.000000 0.000000 1.000000
0.998208 0.047096 -0.036916 -0.648197 -0.042406 0.992000 0.118904 94.671669 0.042220 -0.117125 0.992219 0.737256 0.000000 0.000000 0.000000 1.000000
0.998395 0.046536 -0.032267 -0.755522 -0.042341 0.991832 0.120319 94.664619 0.037602 -0.118760 0.992211 0.947282 0.000000 0.000000 0.000000 1.000000
0.998527 0.045363 -0.029777 -0.827622 -0.041445 0.991777 0.121084 94.718025 0.035025 -0.119672 0.992195 1.149854 0.000000 0.000000 0.000000 1.000000
0.998620 0.043809 -0.028952 -0.875297 -0.040008 0.991860 0.120883 94.805244 0.034012 -0.119558 0.992244 1.358742 0.000000 0.000000 0.000000 1.000000
0.998700 0.042142 -0.028665 -0.901987 -0.038456 0.992172 0.118809 94.888519 0.033448 -0.117552 0.992503 1.576170 0.000000 0.000000 0.000000 1.000000
0.998760 0.040832 -0.028487 -0.906673 -0.037305 0.992670 0.114952 94.951752 0.032972 -0.113746 0.992963 1.790771 0.000000 0.000000 0.000000 1.000000
0.998783 0.040129 -0.028658 -0.889917 -0.036712 0.993124 0.111164 95.008636 0.032921 -0.109977 0.993389 1.997997 0.000000 0.000000 0.000000 1.000000
0.998778 0.039808 -0.029279 -0.857575 -0.036401 0.993389 0.108874 95.083969 0.033420 -0.107675 0.993624 2.205247 0.000000 0.000000 0.000000 1.000000
0.998769 0.039487 -0.030019 -0.818314 -0.036057 0.993572 0.107301 95.177162 0.034063 -0.106087 0.993773 2.413553 0.000000 0.000000 0.000000 1.000000
0.998774 0.039100 -0.030351 -0.773566 -0.035708 0.993809 0.105205 95.262871 0.034277 -0.103992 0.993987 2.609934 0.000000 0.000000 0.000000 1.000000
0.998797 0.038759 -0.030048 -0.714523 -0.035476 0.994049 0.102995 95.325325 0.033861 -0.101805 0.994228 2.785659 0.000000 0.000000 0.000000 1.000000
0.998829 0.038285 -0.029580 -0.634217 -0.035095 0.994194 0.101715 95.359940 0.033303 -0.100557 0.994374 2.943127 0.000000 0.000000 0.000000 1.000000
0.998853 0.037542 -0.029726 -0.539075 -0.034365 0.994292 0.101003 95.374290 0.033348 -0.099866 0.994442 3.085238 0.000000 0.000000 0.000000 1.000000
0.998853 0.036624 -0.030856 -0.440067 -0.033391 0.994478 0.099489 95.381508 0.034329 -0.098345 0.994560 3.212906 0.000000 0.000000 0.000000 1.000000
0.998827 0.035632 -0.032795 -0.339347 -0.032319 0.994804 0.096540 95.388954 0.036065 -0.095367 0.994789 3.327462 0.000000 0.000000 0.000000 1.000000
0.998782 0.034348 -0.035421 -0.236038 -0.030930 0.995195 0.092900 95.395966 0.038442 -0.091691 0.995045 3.428821 0.000000 0.000000 0.000000 1.000000
0.998705 0.032621 -0.039049 -0.130131 -0.029007 0.995539 0.089782 95.403427 0.041804 -0.088533 0.995196 3.515867 0.000000 0.000000 0.000000 1.000000
0.998576 0.030523 -0.043751 -0.023613 -0.026598 0.995797 0.087644 95.420464 0.046243 -0.086356 0.995191 3.590377 0.000000 0.000000 0.000000 1.000000
0.998410 0.028448 -0.048659 0.075188 -0.024182 0.995992 0.086109 95.445740 0.050914 -0.084795 0.995097 3.656420 0.000000 0.000000 0.000000 1.000000
0.998244 0.026646 -0.052896 0.154862 -0.022098 0.996155 0.084774 95.467613 0.054951 -0.083456 0.994995 3.717540 0.000000 0.000000 0.000000 1.000000
0.998089 0.025173 -0.056427 0.211009 -0.020409 0.996301 0.083469 95.476799 0.058319 -0.082157 0.994912 3.774175 0.000000 0.000000 0.000000 1.000000
0.997933 0.024265 -0.059504 0.244155 -0.019323 0.996422 0.082277 95.471985 0.061287 -0.080957 0.994832 3.823073 0.000000 0.000000 0.000000 1.000000
0.997784 0.024286 -0.061942 0.254013 -0.019181 0.996470 0.081723 95.457184 0.063708 -0.080354 0.994728 3.859485 0.000000 0.000000 0.000000 1.000000
0.997666 0.025087 -0.063503 0.240112 -0.019821 0.996416 0.082237 95.438553 0.065339 -0.080787 0.994588 3.881720 0.000000 0.000000 0.000000 1.000000
0.997574 0.026016 -0.064573 0.206513 -0.020590 0.996311 0.083314 95.424538 0.066502 -0.081782 0.994429 3.890628 0.000000 0.000000 0.000000 1.000000
0.997473 0.026748 -0.065814 0.160935 -0.021182 0.996252 0.083864 95.419632 0.067811 -0.082258 0.994301 3.885598 0.000000 0.000000 0.000000 1.000000
0.997348 0.027555 -0.067368 0.108324 -0.021893 0.996277 0.083383 95.422478 0.069414 -0.081687 0.994238 3.866707 0.000000 0.000000 0.000000 1.000000
0.997223 0.028636 -0.068754 0.050709 -0.022937 0.996345 0.082289 95.427078 0.070859 -0.080483 0.994234 3.837299 0.000000 0.000000 0.000000 1.000000
0.997150 0.029805 -0.069305 -0.008346 -0.024154 0.996423 0.080984 95.432350 0.071471 -0.079079 0.994303 3.798393 0.000000 0.000000 0.000000 1.000000
0.997147 0.030888 -0.068877 -0.063246 -0.025374 0.996508 0.079550 95.441422 0.071093 -0.077575 0.994448 3.746817 0.000000 0.000000 0.000000 1.000000
0.997158 0.031848 -0.068269 -0.109458 -0.026473 0.996583 0.078235 95.451271 0.070528 -0.076205 0.994595 3.681144 0.000000 0.000000 0.000000 1.000000
0.997124 0.032707 -0.068373 -0.145503 -0.027377 0.996618 0.077477 95.456772 0.070676 -0.075382 0.994647 3.604289 0.000000 0.000000 0.000000 1.000000
0.997042 0.033538 -0.069161 -0.172462 -0.028145 0.996593 0.077520 95.453873 0.071526 -0.075344 0.994589 3.520199 0.000000 0.000000 0.000000 1.000000
0.996955 0.034296 -0.070026 -0.193141 -0.028789 0.996522 0.078201 95.444061 0.072465 -0.075947 0.994475 3.430782 0.000000 0.000000 0.000000 1.000000
0.996899 0.034785 -0.070584 -0.210625 -0.029150 0.996421 0.079348 95.436363 0.073092 -0.077044 0.994345 3.338849 0.000000 0.000000 0.000000 1.000000
0.996879 0.035006 -0.070753 -0.225367 -0.029264 0.996315 0.080621 95.440056 0.073315 -0.078299 0.994230 3.244277 0.000000 0.000000 0.000000 1.000000
0.996870 0.035193 -0.070795 -0.235491 -0.029402 0.996261 0.081242 95.456223 0.073389 -0.078906 0.994177 3.143719 0.000000 0.000000 0.000000 1.000000
0.996839 0.035412 -0.071121 -0.240459 -0.029630 0.996292 0.080770 95.478775 0.073717 -0.078407 0.994192 3.039660 0.000000 0.000000 0.000000 1.000000
0.996787 0.035563 -0.071768 -0.242183 -0.029801 0.996364 0.079815 95.503166 0.074346 -0.077420 0.994223 2.939039 0.000000 0.000000 0.000000 1.000000
0.996750 0.035643 -0.072238 -0.242955 -0.029891 0.996411 0.079192 95.527115 0.074801 -0.076776 0.994239 2.840498 0.000000 0.000000 0.000000 1.000000
0.996749 0.035712 -0.072221 -0.244999 -0.029970 0.996418 0.079082 95.540932 0.074787 -0.076660 0.994249 2.733600 0.000000 0.000000 0.000000 1.000000
0.996759 0.035915 -0.071978 -0.249459 -0.030163 0.996381 0.079463 95.535324 0.074572 -0.077035 0.994236 2.613482 0.000000 0.000000 0.000000 1.000000
0.996764 0.036402 -0.071671 -0.255631 -0.030613 0.996302 0.080284 95.514900 0.074328 -0.077830 0.994192 2.483767 0.000000 0.000000 0.000000 1.000000
0.996770 0.037113 -0.071219 -0.260221 -0.031278 0.996192 0.081378 95.496208 0.073968 -0.078887 0.994136 2.346459 0.000000 0.000000 0.000000 1.000000
0.996795 0.037452 -0.070688 -0.266117 -0.031572 0.996087 0.082543 95.474449 0.073503 -0.080047 0.994077 2.195851 0.000000 0.000000 0.000000 1.000000
0.996844 0.037066 -0.070207 -0.280109 -0.031125 0.995988 0.083894 95.426544 0.073035 -0.081444 0.993998 2.025769 0.000000 0.000000 0.000000 1.000000
0.996911 0.036645 -0.069465 -0.300855 -0.030580 0.995788 0.086436 95.342690 0.072340 -0.084045 0.993833 1.837981 0.000000 0.000000 0.000000 1.000000
0.996985 0.037121 -0.068135 -0.319471 -0.030831 0.995360 0.091153 95.227669 0.071203 -0.088778 0.993503 1.635797 0.000000 0.000000 0.000000 1.000000
0.997044 0.038141 -0.066691 -0.337635 -0.031535 0.994741 0.097451 95.072250 0.070057 -0.095060 0.993003 1.417409 0.000000 0.000000 0.000000 1.000000
0.997073 0.039478 -0.065477 -0.365286 -0.032508 0.994016 0.104285 94.851532 0.069202 -0.101851 0.992390 1.177744 0.000000 0.000000 0.000000 1.000000
0.997050 0.041983 -0.064256 -0.405808 -0.034647 0.993183 0.111302 94.564316 0.068491 -0.108747 0.991707 0.915632 0.000000 0.000000 0.000000 1.000000
0.996963 0.045716 -0.063049 -0.451316 -0.038037 0.992283 0.118019 94.242920 0.067957 -0.115262 0.991008 0.644006 0.000000 0.000000 0.000000 1.000000
0.996872 0.049137 -0.061906 -0.487826 -0.041218 0.991517 0.123265 93.934135 0.067438 -0.120328 0.990441 0.386733 0.000000 0.000000 0.000000 1.000000
0.996874 0.050589 -0.060690 -0.506043 -0.042610 0.991085 0.126231 93.697029 0.066535 -0.123251 0.990143 0.165340 0.000000 0.000000 0.000000 1.000000
0.996983 0.049790 -0.059545 -0.508283 -0.041905 0.991012 0.127038 93.604790 0.065335 -0.124160 0.990109 -0.003542 0.000000 0.000000 0.000000 1.000000
0.997151 0.047911 -0.058265 -0.503723 -0.040298 0.991279 0.125468 93.692108 0.063768 -0.122763 0.990385 -0.114569 0.000000 0.000000 0.000000 1.000000
0.997360 0.046293 -0.055944 -0.497062 -0.039241 0.991856 0.121170 93.916565 0.061097 -0.118654 0.991054 -0.181711 0.000000 0.000000 0.000000 1.000000
0.997596 0.045067 -0.052641 -0.480633 -0.038759 0.992579 0.115256 94.198387 0.057445 -0.112938 0.991940 -0.224232 0.000000 0.000000 0.000000 1.000000
0.997805 0.043673 -0.049774 -0.444305 -0.038008 0.993251 0.109576 94.473434 0.054224 -0.107444 0.992731 -0.247447 0.000000 0.000000 0.000000 1.000000
0.997952 0.042343 -0.047949 -0.398145 -0.037119 0.993776 0.105034 94.701164 0.052098 -0.103039 0.993312 -0.251483 0.000000 0.000000 0.000000 1.000000
0.998012 0.042001 -0.046987 -0.359992 -0.037037 0.994101 0.101936 94.847786 0.050991 -0.099993 0.993681 -0.249923 0.000000 0.000000 0.000000 1.000000
0.997973 0.042679 -0.047197 -0.328905 -0.037741 0.994172 0.100980 94.885971 0.051232 -0.098994 0.993768 -0.258903 0.000000 0.000000 0.000000 1.000000
0.997869 0.043685 -0.048457 -0.297570 -0.038557 0.994024 0.102126 94.820000 0.052629 -0.100040 0.993591 -0.278139 0.000000 0.000000 0.000000 1.000000
0.997757 0.044514 -0.049987 -0.264592 -0.039099 0.993754 0.104520 94.696411 0.054327 -0.102332 0.993266 -0.293056 0.000000 0.000000 0.000000 1.000000
0.997679 0.045097 -0.051025 -0.233359 -0.039409 0.993429 0.107453 94.579941 0.055536 -0.105193 0.992900 -0.291365 0.000000 0.000000 0.000000 1.000000
0.997654 0.045681 -0.050985 -0.207622 -0.039833 0.993096 0.110338 94.514816 0.055673 -0.108048 0.992586 -0.273692 0.000000 0.000000 0.000000 1.000000
0.997672 0.046259 -0.050100 -0.184567 -0.040399 0.992859 0.112243 94.509155 0.054935 -0.109958 0.992417 -0.248053 0.000000 0.000000 0.000000 1.000000
0.997693 0.046535 -0.049435 -0.157788 -0.040742 0.992833 0.112351 94.553261 0.054309 -0.110078 0.992438 -0.219530 0.000000 0.000000 0.000000 1.000000
0.997693 0.046473 -0.049497 -0.127461 -0.040755 0.993001 0.110850 94.633064 0.054302 -0.108577 0.992604 -0.190207 0.000000 0.000000 0.000000 1.000000
0.997685 0.046273 -0.049843 -0.098675 -0.040641 0.993252 0.108621 94.730568 0.054533 -0.106344 0.992833 -0.160440 0.000000 0.000000 0.000000 1.000000
0.997682 0.046044 -0.050113 -0.073837 -0.040501 0.993488 0.106500 94.824280 0.054690 -0.104223 0.993049 -0.129208 0.000000 0.000000 0.000000 1.000000
0.997675 0.045848 -0.050432 -0.050503 -0.040354 0.993649 0.105035 94.891937 0.054928 -0.102756 0.993189 -0.097613 0.000000 0.000000 0.000000 1.000000
0.997669 0.045677 -0.050698 -0.027676 -0.040185 0.993711 0.104512 94.922043 0.055153 -0.102231 0.993231 -0.065698 0.000000 0.000000 0.000000 1.000000
0.997680 0.045577 -0.050574 -0.006413 -0.040071 0.993664 0.105005 94.924057 0.055040 -0.102735 0.993185 -0.032280 0.000000 0.000000 0.000000 1.000000
0.997705 0.045571 -0.050074 0.012122 -0.040046 0.993529 0.106282 94.912712 0.054594 -0.104033 0.993074 -0.000688 0.000000 0.000000 0.000000 1.000000</float_array><technique_common><accessor source="#swat_Hips-Matrix-animation-output-transform-array" count="81" stride="16"><param type="float4x4"/></accessor></technique_common></source><source id="swat_Hips-Interpolations"><Name_array id="swat_Hips-Interpolations-array" count="81">
 LINEAR LINEAR LINEAR LINEAR LINEAR LINEAR LINEAR LINEAR LINEAR LINEAR LINEAR
LINEAR LINEAR LINEAR LINEAR LINEAR LINEAR LINEAR LINEAR LINEAR LINEAR LINEAR LINEAR
LINEAR LINEAR LINEAR LINEAR LINEAR LINEAR LINEAR LINEAR LINEAR LINEAR LINEAR LINEAR
LINEAR LINEAR LINEAR LINEAR LINEAR LINEAR LINEAR LINEAR LINEAR LINEAR LINEAR LINEAR
LINEAR LINEAR LINEAR LINEAR LINEAR LINEAR LINEAR LINEAR LINEAR LINEAR LINEAR LINEAR
LINEAR LINEAR LINEAR LINEAR LINEAR LINEAR LINEAR LINEAR LINEAR LINEAR LINEAR LINEAR
LINEAR LINEAR LINEAR LINEAR LINEAR LINEAR LINEAR LINEAR LINEAR LINEAR</Name_array><technique_common><accessor source="#swat_Hips-Interpolations-array" count="81"><param type="name"/></accessor></technique_common></source><sampler id="swat_Hips-Matrix-animation-transform"><input semantic="INPUT" source="#swat_Hips-Matrix-animation-input"/><input semantic="OUTPUT" source="#swat_Hips-Matrix-animation-output-transform"/><input semantic="INTERPOLATION" source="#swat_Hips-Interpolations"/></sampler><channel source="#swat_Hips-Matrix-animation-transform" target="swat_Hips/matrix"/></animation>
    <animation id="swat_Spine-anim" name="swat_Spine"><source id="swat_Spine-Matrix-animation-input"><float_array id="swat_Spine-Matrix-animation-input-array" count="81">

0.000000 0.033333 0.066667 0.100000 0.133333 0.166667 0.200000 0.233333 0.266667 0.300000 0.333333 0.366667 0.400000 0.433333 0.466667 0.500000
0.533333 0.566667 0.600000 0.633333 0.666667 0.700000 0.733333 0.766667 0.800000 0.833333 0.866667 0.900000 0.933333 0.966667 1.000000 1.033333
1.066667 1.100000 1.133333 1.166667 1.200000 1.233333 1.266667 1.300000 1.333333 1.366667 1.400000 1.433333 1.466667 1.500000 1.533333 1.566667
1.600000 1.633333 1.666667 1.700000 1.733333 1.766667 1.800000 1.833333 1.866667 1.900000 1.933333 1.966667 2.000000 2.033333 2.066667 2.100000
2.133333 2.166667 2.200000 2.233333 2.266667 2.300000 2.333333 2.366667 2.400000 2.433333 2.466667 2.500000 2.533333 2.566667 2.600000 2.633333
2.666667</float_array><technique_common><accessor source="#swat_Spine-Matrix-animation-input-array" count="81"><param name="TIME" type="float"/></accessor></technique_common></source><source id="swat_Spine-Matrix-animation-output-transform"><float_array id="swat_Spine-Matrix-animation-output-transform-array" count="1296">

0.996703 -0.014400 0.079852 0.000000 0.025323 0.990176 -0.137512 9.226300 -0.077087 0.139081 0.987276 1.577100 0.000000 0.000000 0.000000 1.000000
0.996689 -0.014371 0.080024 0.000000 0.025359 0.990103 -0.138035 9.226300 -0.077248 0.139607 0.987189 1.577100 0.000000 0.000000 0.000000 1.000000
0.996686 -0.014698 0.080001 0.000000 0.025730 0.990005 -0.138666 9.226300 -0.077164 0.140265 0.987103 1.577100 0.000000 0.000000 0.000000 1.000000
0.996685 -0.015216 0.079921 0.000000 0.026302 0.989865 -0.139555 9.226300 -0.076987 0.141195 0.986984 1.577100 0.000000 0.000000 0.000000 1.000000
0.996684 -0.015804 0.079825 0.000000 0.026951 0.989704 -0.140568 9.226300 -0.076782 0.142254 0.986848 1.577100 0.000000 0.000000 0.000000 1.000000
0.996698 -0.016600 0.079488 0.000000 0.027710 0.989653 -0.140778 9.226300 -0.076329 0.142515 0.986845 1.577100 0.000000 0.000000 0.000000 1.000000
0.996715 -0.017285 0.079117 0.000000 0.028244 0.989809 -0.139573 9.226300 -0.075898 0.141349 0.987046 1.577100 0.000000 0.000000 0.000000 1.000000
0.996701 -0.017216 0.079313 0.000000 0.028035 0.990120 -0.137388 9.226300 -0.076164 0.139158 0.987337 1.577100 0.000000 0.000000 0.000000 1.000000
0.996641 -0.016259 0.080260 -0.000000 0.027005 0.990521 -0.134684 9.226300 -0.077310 0.136399 0.987633 1.577100 0.000000 0.000000 0.000000 1.000000
0.996564 -0.014726 0.081504 0.000000 0.025348 0.991074 -0.130878 9.226300 -0.078849 0.132495 0.988043 1.577100 0.000000 0.000000 0.000000 1.000000
0.996500 -0.013070 0.082567 -0.000000 0.023357 0.991896 -0.124885 9.226300 -0.080265 0.126376 0.988730 1.577100 0.000000 0.000000 0.000000 1.000000
0.996437 -0.011794 0.083511 -0.000000 0.021556 0.992901 -0.116977 9.226300 -0.081539 0.118361 0.989617 1.577100 0.000000 0.000000 0.000000 1.000000
0.996343 -0.010890 0.084746 -0.000000 0.020150 0.993816 -0.109199 9.226300 -0.083033 0.110507 0.990401 1.577100 0.000000 0.000000 0.000000 1.000000
0.996218 -0.009869 0.086326 0.000000 0.018759 0.994526 -0.102795 9.226300 -0.084839 0.104025 0.990950 1.577100 0.000000 0.000000 0.000000 1.000000
0.996115 -0.008477 0.087657 0.000000 0.016992 0.995154 -0.096853 9.226300 -0.086411 0.097967 0.991431 1.577100 0.000000 0.000000 0.000000 1.000000
0.996099 -0.007104 0.087954 0.000000 0.015093 0.995782 -0.090505 9.226300 -0.086940 0.091479 0.992005 1.577100 0.000000 0.000000 0.000000 1.000000
0.996198 -0.006319 0.086885 0.000000 0.013694 0.996326 -0.084545 9.226300 -0.086031 0.085414 0.992624 1.577100 0.000000 0.000000 0.000000 1.000000
0.996377 -0.006069 0.084835 0.000000 0.012885 0.996709 -0.080031 9.226300 -0.084070 0.080834 0.993176 1.577100 0.000000 0.000000 0.000000 1.000000
0.996568 -0.005933 0.082567 0.000000 0.012268 0.997000 -0.076429 9.226300 -0.081866 0.077179 0.993650 1.577100 0.000000 0.000000 0.000000 1.000000
0.996728 -0.005779 0.080616 -0.000000 0.011630 0.997316 -0.072289 9.226300 -0.079982 0.072990 0.994120 1.577100 0.000000 0.000000 0.000000 1.000000
0.996859 -0.005909 0.078980 -0.000000 0.011220 0.997692 -0.066972 9.226300 -0.078402 0.067648 0.994624 1.577100 0.000000 0.000000 0.000000 1.000000
0.996959 -0.006212 0.077682 0.000000 0.010997 0.998058 -0.061320 9.226300 -0.077150 0.061988 0.995091 1.577100 0.000000 0.000000 0.000000 1.000000
0.997017 -0.006314 0.076928 0.000000 0.010699 0.998333 -0.056718 9.226300 -0.076441 0.057372 0.995422 1.577100 0.000000 0.000000 0.000000 1.000000
0.997044 -0.006156 0.076587 -0.000000 0.010282 0.998509 -0.053602 9.226300 -0.076143 0.054231 0.995621 1.577100 0.000000 0.000000 0.000000 1.000000
0.997085 -0.006162 0.076048 0.000000 0.010089 0.998629 -0.051363 9.226300 -0.075627 0.051981 0.995780 1.577100 0.000000 0.000000 0.000000 1.000000
0.997169 -0.006473 0.074910 0.000000 0.010196 0.998726 -0.049417 9.226300 -0.074495 0.050041 0.995965 1.577100 0.000000 0.000000 0.000000 1.000000
0.997274 -0.006802 0.073475 0.000000 0.010314 0.998816 -0.047535 9.226300 -0.073065 0.048163 0.996164 1.577100 0.000000 0.000000 0.000000 1.000000
0.997350 -0.007076 0.072408 0.000000 0.010419 0.998891 -0.045905 9.226300 -0.072003 0.046538 0.996318 1.577100 0.000000 0.000000 0.000000 1.000000
0.997391 -0.007600 0.071788 0.000000 0.010874 0.998913 -0.045336 9.226300 -0.071365 0.045998 0.996389 1.577100 0.000000 0.000000 0.000000 1.000000
0.997445 -0.008287 0.070953 0.000000 0.011602 0.998854 -0.046439 9.226300 -0.070487 0.047144 0.996398 1.577100 0.000000 0.000000 0.000000 1.000000
0.997521 -0.008464 0.069863 0.000000 0.011875 0.998750 -0.048559 9.226300 -0.069365 0.049268 0.996374 1.577100 0.000000 0.000000 0.000000 1.000000
0.997525 -0.007720 0.069881 -0.000000 0.011255 0.998669 -0.050335 9.226300 -0.069399 0.050997 0.996285 1.577100 0.000000 0.000000 0.000000 1.000000
0.997419 -0.006474 0.071509 0.000000 0.010152 0.998637 -0.051194 9.226300 -0.071080 0.051787 0.996125 1.577100 0.000000 0.000000 0.000000 1.000000
0.997314 -0.005367 0.073052 0.000000 0.009155 0.998625 -0.051624 9.226300 -0.072674 0.052154 0.995991 1.577100 0.000000 0.000000 0.000000 1.000000
0.997307 -0.004550 0.073197 0.000000 0.008374 0.998610 -0.052033 9.226300 -0.072859 0.052505 0.995959 1.577100 0.000000 0.000000 0.000000 1.000000
0.997382 -0.004004 0.072202 0.000000 0.007801 0.998597 -0.052381 9.226300 -0.071890 0.052807 0.996014 1.577100 0.000000 0.000000 0.000000 1.000000
0.997458 -0.003621 0.071158 0.000000 0.007389 0.998580 -0.052759 9.226300 -0.070866 0.053151 0.996069 1.577100 0.000000 0.000000 0.000000 1.000000
0.997483 -0.003225 0.070836 0.000000 0.007033 0.998539 -0.053575 9.226300 -0.070559 0.053939 0.996048 1.577100 0.000000 0.000000 0.000000 1.000000
0.997472 -0.002900 0.071003 0.000000 0.006833 0.998451 -0.055212 9.226300 -0.070733 0.055557 0.995947 1.577100 0.000000 0.000000 0.000000 1.000000
0.997466 -0.002749 0.071086 0.000000 0.006856 0.998316 -0.057600 9.226300 -0.070808 0.057941 0.995806 1.577100 0.000000 0.000000 0.000000 1.000000
0.997485 -0.002580 0.070826 0.000000 0.006878 0.998144 -0.060512 9.226300 -0.070539 0.060847 0.995652 1.577100 0.000000 0.000000 0.000000 1.000000
0.997532 -0.002305 0.070179 0.000000 0.006781 0.997952 -0.063606 9.226300 -0.069889 0.063925 0.995504 1.577100 0.000000 0.000000 0.000000 1.000000
0.997577 -0.002099 0.069537 -0.000000 0.006707 0.997790 -0.066107 9.226300 -0.069244 0.066414 0.995387 1.577100 0.000000 0.000000 0.000000 1.000000
0.997579 -0.002056 0.069511 0.000000 0.006751 0.997705 -0.067378 9.226300 -0.069213 0.067684 0.995303 1.577100 0.000000 0.000000 0.000000 1.000000
0.997535 -0.002130 0.070136 0.000000 0.006897 0.997675 -0.067800 9.226300 -0.069828 0.068117 0.995231 1.577100 0.000000 0.000000 0.000000 1.000000
0.997487 -0.002216 0.070808 0.000000 0.007066 0.997638 -0.068326 9.226300 -0.070490 0.068655 0.995147 1.577100 0.000000 0.000000 0.000000 1.000000
0.997457 -0.002045 0.071239 0.000000 0.007012 0.997554 -0.069549 9.226300 -0.070922 0.069871 0.995032 1.577100 0.000000 0.000000 0.000000 1.000000
0.997423 -0.001525 0.071724 -0.000000 0.006676 0.997409 -0.071633 9.226300 -0.071429 0.071927 0.994849 1.577100 0.000000 0.000000 0.000000 1.000000
0.997384 -0.001044 0.072282 0.000000 0.006433 0.997211 -0.074362 9.226300 -0.072003 0.074633 0.994608 1.577100 0.000000 0.000000 0.000000 1.000000
0.997357 -0.000911 0.072645 -0.000000 0.006550 0.996977 -0.077426 9.226300 -0.072355 0.077698 0.994348 1.577100 0.000000 0.000000 0.000000 1.000000
0.997350 -0.000445 0.072758 0.000000 0.006339 0.996710 -0.080800 9.226300 -0.072483 0.081048 0.994071 1.577100 0.000000 0.000000 0.000000 1.000000
0.997339 0.001014 0.072901 0.000000 0.005184 0.996386 -0.084784 9.226300 -0.072724 0.084937 0.993729 1.577100 0.000000 0.000000 0.000000 1.000000
0.997311 0.002631 0.073232 0.000000 0.004006 0.995903 -0.090334 9.226300 -0.073170 0.090384 0.993215 1.577100 0.000000 0.000000 0.000000 1.000000
0.997291 0.003074 0.073493 0.000000 0.004181 0.995143 -0.098352 9.226300 -0.073439 0.098393 0.992434 1.577100 0.000000 0.000000 0.000000 1.000000
0.997286 0.002777 0.073569 -0.000000 0.005214 0.994115 -0.108200 9.226300 -0.073437 0.108290 0.991403 1.577100 0.000000 0.000000 0.000000 1.000000
0.997268 0.002373 0.073827 0.000000 0.006432 0.992897 -0.118802 9.226300 -0.073584 0.118952 0.990170 1.577100 0.000000 0.000000 0.000000 1.000000
0.997174 0.001090 0.075113 0.000000 0.008684 0.991520 -0.129665 9.226300 -0.074617 0.129951 0.988709 1.577100 0.000000 0.000000 0.000000 1.000000
0.996940 -0.001460 0.078155 0.000000 0.012440 0.990045 -0.140198 9.226300 -0.077172 0.140741 0.987034 1.577100 0.000000 0.000000 0.000000 1.000000
0.996603 -0.004226 0.082245 0.000000 0.016517 0.988647 -0.149344 9.226300 -0.080680 0.150195 0.985359 1.577100 0.000000 0.000000 0.000000 1.000000
0.996281 -0.005763 0.085971 0.000000 0.019177 0.987566 -0.156034 9.226300 -0.084003 0.157102 0.984003 1.577100 0.000000 0.000000 0.000000 1.000000
0.996036 -0.005541 0.088780 0.000000 0.019734 0.986952 -0.159803 9.226300 -0.086736 0.160921 0.983149 1.577100 0.000000 0.000000 0.000000 1.000000
0.995888 -0.004649 0.090477 0.000000 0.019161 0.986899 -0.160197 9.226300 -0.088547 0.161272 0.982930 1.577100 0.000000 0.000000 0.000000 1.000000
0.995881 -0.004766 0.090542 -0.000000 0.019010 0.987396 -0.157121 9.226300 -0.088652 0.158195 0.983420 1.577100 0.000000 0.000000 0.000000 1.000000
0.996008 -0.006078 0.089058 -0.000000 0.019630 0.988169 -0.152108 9.226300 -0.087080 0.153249 0.984343 1.577100 0.000000 0.000000 0.000000 1.000000
0.996168 -0.007457 0.087136 0.000000 0.020278 0.988899 -0.147196 9.226300 -0.085071 0.148399 0.985262 1.577100 0.000000 0.000000 0.000000 1.000000
0.996305 -0.008465 0.085468 0.000000 0.020696 0.989470 -0.143253 9.226300 -0.083356 0.144492 0.985989 1.577100 0.000000 0.000000 0.000000 1.000000
0.996404 -0.009565 0.084188 0.000000 0.021386 0.989828 -0.140656 9.226300 -0.081986 0.141950 0.986473 1.577100 0.000000 0.000000 0.000000 1.000000
0.996447 -0.010662 0.083545 0.000000 0.022355 0.989856 -0.140305 9.226300 -0.081202 0.141674 0.986577 1.577100 0.000000 0.000000 0.000000 1.000000
0.996473 -0.011377 0.083133 -0.000000 0.023148 0.989593 -0.142023 9.226300 -0.080652 0.143446 0.986366 1.577100 0.000000 0.000000 0.000000 1.000000
0.996534 -0.011704 0.082364 -0.000000 0.023556 0.989234 -0.144437 9.226300 -0.079786 0.145876 0.986080 1.577100 0.000000 0.000000 0.000000 1.000000
0.996615 -0.011812 0.081358 0.000000 0.023684 0.988919 -0.146554 9.226300 -0.078725 0.147985 0.985851 1.577100 0.000000 0.000000 0.000000 1.000000
0.996688 -0.012005 0.080428 0.000000 0.023863 0.988678 -0.148145 9.226300 -0.077739 0.149574 0.985690 1.577100 0.000000 0.000000 0.000000 1.000000
0.996740 -0.012418 0.079716 -0.000000 0.024224 0.988557 -0.148890 9.226300 -0.076955 0.150336 0.985635 1.577100 0.000000 0.000000 0.000000 1.000000
0.996764 -0.012825 0.079350 -0.000000 0.024524 0.988641 -0.148280 9.226300 -0.076547 0.149746 0.985757 1.577100 0.000000 0.000000 0.000000 1.000000
0.996762 -0.013055 0.079341 0.000000 0.024611 0.988909 -0.146467 9.226300 -0.076549 0.147946 0.986029 1.577100 0.000000 0.000000 0.000000 1.000000
0.996747 -0.013176 0.079512 -0.000000 0.024574 0.989253 -0.144132 9.226300 -0.076759 0.145617 0.986359 1.577100 0.000000 0.000000 0.000000 1.000000
0.996731 -0.013294 0.079693 -0.000000 0.024539 0.989586 -0.141835 9.226300 -0.076977 0.143327 0.986677 1.577100 0.000000 0.000000 0.000000 1.000000
0.996716 -0.013496 0.079847 0.000000 0.024611 0.989860 -0.139900 9.226300 -0.077149 0.141406 0.986941 1.577100 0.000000 0.000000 0.000000 1.000000
0.996707 -0.013738 0.079917 -0.000000 0.024751 0.990054 -0.138493 9.226300 -0.077220 0.140015 0.987134 1.577100 0.000000 0.000000 0.000000 1.000000
0.996706 -0.014013 0.079880 0.000000 0.024957 0.990159 -0.137703 9.226300 -0.077164 0.139243 0.987247 1.577100 0.000000 0.000000 0.000000 1.000000
0.996703 -0.014401 0.079850 0.000000 0.025325 0.990172 -0.137540 9.226300 -0.077085 0.139108 0.987272 1.577100 0.000000 0.000000 0.000000 1.000000</float_array><technique_common><accessor source="#swat_Spine-Matrix-animation-output-transform-array" count="81" stride="16"><param type="float4x4"/></accessor></technique_common></source><source id="swat_Spine-Interpolations"><Name_array id="swat_Spine-Interpolations-array" count="81">
 LINEAR LINEAR LINEAR LINEAR LINEAR LINEAR LINEAR LINEAR LINEAR LINEAR LINEAR
LINEAR LINEAR LINEAR LINEAR LINEAR LINEAR LINEAR LINEAR LINEAR LINEAR LINEAR LINEAR
LINEAR LINEAR LINEAR LINEAR LINEAR LINEAR LINEAR LINEAR LINEAR LINEAR LINEAR LINEAR
LINEAR LINEAR LINEAR LINEAR LINEAR LINEAR LINEAR LINEAR LINEAR LINEAR LINEAR LINEAR
LINEAR LINEAR LINEAR LINEAR LINEAR LINEAR LINEAR LINEAR LINEAR LINEAR LINEAR LINEAR
LINEAR LINEAR LINEAR LINEAR LINEAR LINEAR LINEAR LINEAR LINEAR LINEAR LINEAR LINEAR
LINEAR LINEAR LINEAR LINEAR LINEAR LINEAR LINEAR LINEAR LINEAR LINEAR</Name_array><technique_common><accessor source="#swat_Spine-Interpolations-array" count="81"><param type="name"/></accessor></technique_common></source><sampler id="swat_Spine-Matrix-animation-transform"><input semantic="INPUT" source="#swat_Spine-Matrix-animation-input"/><input semantic="OUTPUT" source="#swat_Spine-Matrix-animation-output-transform"/><input semantic="INTERPOLATION" source="#swat_Spine-Interpolations"/></sampler><channel source="#swat_Spine-Matrix-animation-transform" target="swat_Spine/matrix"/></animation>
    <animation id="swat_Spine1-anim" name="swat_Spine1"><source id="swat_Spine1-Matrix-animation-input"><float_array id="swat_Spine1-Matrix-animation-input-array" count="81">

0.000000 0.033333 0.066667 0.100000 0.133333 0.166667 0.200000 0.233333 0.266667 0.300000 0.333333 0.366667 0.400000 0.433333 0.466667 0.500000
0.533333 0.566667 0.600000 0.633333 0.666667 0.700000 0.733333 0.766667 0.800000 0.833333 0.866667 0.900000 0.933333 0.966667 1.000000 1.033333
1.066667 1.100000 1.133333 1.166667 1.200000 1.233333 1.266667 1.300000 1.333333 1.366667 1.400000 1.433333 1.466667 1.500000 1.533333 1.566667
1.600000 1.633333 1.666667 1.700000 1.733333 1.766667 1.800000 1.833333 1.866667 1.900000 1.933333 1.966667 2.000000 2.033333 2.066667 2.100000
2.133333 2.166667 2.200000 2.233333 2.266667 2.300000 2.333333 2.366667 2.400000 2.433333 2.466667 2.500000 2.533333 2.566667 2.600000 2.633333
2.666667</float_array><technique_common><accessor source="#swat_Spine1-Matrix-animation-input-array" count="81"><param name="TIME" type="float"/></accessor></technique_common></source><source id="swat_Spine1-Matrix-animation-output-transform"><float_array id="swat_Spine1-Matrix-animation-output-transform-array" count="1296">

0.999729 0.003983 0.022923 0.000000 0.002289 0.963619 -0.267269 16.254000 -0.023153 0.267249 0.963349 -0.165600 0.000000 0.000000 0.000000 1.000000
0.999729 0.004051 0.022931 0.000000 0.002230 0.963567 -0.267457 16.254000 -0.023179 0.267436 0.963297 -0.165600 0.000000 0.000000 0.000000 1.000000
0.999730 0.004050 0.022886 0.000000 0.002224 0.963504 -0.267684 16.254000 -0.023135 0.267662 0.963235 -0.165600 0.000000 0.000000 0.000000 1.000000
0.999731 0.004084 0.022828 0.000000 0.002185 0.963404 -0.268046 16.254000 -0.023087 0.268024 0.963136 -0.165600 0.000000 0.000000 0.000000 1.000000
0.999732 0.004323 0.022746 0.000000 0.001949 0.963219 -0.268712 16.254000 -0.023072 0.268684 0.962952 -0.165600 0.000000 0.000000 0.000000 1.000000
0.999734 0.004656 0.022591 0.000000 0.001605 0.962998 -0.269503 16.254000 -0.023009 0.269467 0.962735 -0.165600 0.000000 0.000000 0.000000 1.000000
0.999736 0.004854 0.022440 0.000000 0.001385 0.962868 -0.269969 16.254000 -0.022917 0.269929 0.962607 -0.165600 0.000000 0.000000 0.000000 1.000000
0.999735 0.005010 0.022460 -0.000000 0.001239 0.962885 -0.269910 16.254000 -0.022979 0.269866 0.962624 -0.165600 0.000000 0.000000 0.000000 1.000000
0.999729 0.005310 0.022682 -0.000000 0.000996 0.963044 -0.269342 16.254000 -0.023274 0.269292 0.962777 -0.165600 0.000000 0.000000 0.000000 1.000000
0.999720 0.005734 0.022956 -0.000000 0.000631 0.963381 -0.268134 16.254000 -0.023653 0.268073 0.963108 -0.165600 0.000000 0.000000 0.000000 1.000000
0.999713 0.006183 0.023140 0.000000 0.000194 0.963976 -0.265989 16.254000 -0.023951 0.265918 0.963698 -0.165600 0.000000 0.000000 0.000000 1.000000
0.999708 0.006566 0.023255 0.000000 -0.000222 0.964832 -0.262867 16.254000 -0.024163 0.262786 0.964552 -0.165600 0.000000 0.000000 0.000000 1.000000
0.999702 0.006757 0.023468 -0.000000 -0.000442 0.965806 -0.259266 16.254000 -0.024418 0.259179 0.965521 -0.165600 0.000000 0.000000 0.000000 1.000000
0.999693 0.006725 0.023860 0.000000 -0.000396 0.966714 -0.255858 16.254000 -0.024786 0.255770 0.966420 -0.165600 0.000000 0.000000 0.000000 1.000000
0.999684 0.006602 0.024254 0.000000 -0.000254 0.967490 -0.252908 16.254000 -0.025136 0.252822 0.967186 -0.165600 0.000000 0.000000 0.000000 1.000000
0.999682 0.006482 0.024376 0.000000 -0.000175 0.968180 -0.250256 16.254000 -0.025222 0.250172 0.967873 -0.165600 0.000000 0.000000 0.000000 1.000000
0.999690 0.006294 0.024104 -0.000000 -0.000125 0.968818 -0.247772 16.254000 -0.024912 0.247693 0.968518 -0.165600 0.000000 0.000000 0.000000 1.000000
0.999705 0.005985 0.023555 0.000000 -0.000018 0.969393 -0.245514 16.254000 -0.024304 0.245441 0.969107 -0.165600 0.000000 0.000000 0.000000 1.000000
0.999721 0.005626 0.022952 -0.000000 0.000131 0.969918 -0.243433 16.254000 -0.023631 0.243368 0.969646 -0.165600 0.000000 0.000000 0.000000 1.000000
0.999734 0.005310 0.022433 0.000000 0.000261 0.970441 -0.241339 16.254000 -0.023051 0.241280 0.970182 -0.165600 0.000000 0.000000 0.000000 1.000000
0.999745 0.005054 0.021987 0.000000 0.000352 0.970974 -0.239185 16.254000 -0.022557 0.239132 0.970725 -0.165600 0.000000 0.000000 0.000000 1.000000
0.999754 0.004843 0.021635 -0.000000 0.000426 0.971478 -0.237129 16.254000 -0.022166 0.237080 0.971237 -0.165600 0.000000 0.000000 0.000000 1.000000
0.999759 0.004665 0.021446 0.000000 0.000513 0.971923 -0.235298 16.254000 -0.021941 0.235253 0.971687 -0.165600 0.000000 0.000000 0.000000 1.000000
0.999762 0.004494 0.021358 0.000000 0.000622 0.972309 -0.233698 16.254000 -0.021816 0.233656 0.972075 -0.165600 0.000000 0.000000 0.000000 1.000000
0.999766 0.004293 0.021194 0.000000 0.000747 0.972650 -0.232272 16.254000 -0.021611 0.232234 0.972420 -0.165600 0.000000 0.000000 0.000000 1.000000
0.999774 0.004041 0.020873 -0.000000 0.000890 0.972956 -0.230990 16.254000 -0.021241 0.230956 0.972732 -0.165600 0.000000 0.000000 0.000000 1.000000
0.999783 0.003715 0.020515 0.000000 0.001101 0.973217 -0.229887 16.254000 -0.020819 0.229860 0.973001 -0.165600 0.000000 0.000000 0.000000 1.000000
0.999788 0.003342 0.020297 -0.000000 0.001395 0.973425 -0.229002 16.254000 -0.020523 0.228982 0.973214 -0.165600 0.000000 0.000000 0.000000 1.000000
0.999792 0.003039 0.020165 0.000000 0.001646 0.973580 -0.228341 16.254000 -0.020326 0.228326 0.973372 -0.165600 0.000000 0.000000 0.000000 1.000000
0.999798 0.002896 0.019883 0.000000 0.001712 0.973690 -0.227871 16.254000 -0.020020 0.227859 0.973488 -0.165600 0.000000 0.000000 0.000000 1.000000
0.999806 0.002917 0.019487 0.000000 0.001594 0.973774 -0.227510 16.254000 -0.019640 0.227497 0.973581 -0.165600 0.000000 0.000000 0.000000 1.000000
0.999806 0.003064 0.019440 0.000000 0.001434 0.973838 -0.227237 16.254000 -0.019628 0.227221 0.973645 -0.165600 0.000000 0.000000 0.000000 1.000000
0.999797 0.003243 0.019906 0.000000 0.001362 0.973880 -0.227059 16.254000 -0.020122 0.227039 0.973678 -0.165600 0.000000 0.000000 0.000000 1.000000
0.999787 0.003385 0.020351 0.000000 0.001320 0.973926 -0.226861 16.254000 -0.020588 0.226839 0.973715 -0.165600 0.000000 0.000000 0.000000 1.000000
0.999786 0.003453 0.020390 0.000000 0.001258 0.973977 -0.226642 16.254000 -0.020642 0.226619 0.973765 -0.165600 0.000000 0.000000 0.000000 1.000000
0.999791 0.003450 0.020147 0.000000 0.001204 0.974000 -0.226544 16.254000 -0.020405 0.226521 0.973792 -0.165600 0.000000 0.000000 0.000000 1.000000
0.999795 0.003418 0.019954 0.000000 0.001193 0.973979 -0.226634 16.254000 -0.020209 0.226612 0.973776 -0.165600 0.000000 0.000000 0.000000 1.000000
0.999795 0.003389 0.019941 0.000000 0.001225 0.973912 -0.226925 16.254000 -0.020190 0.226903 0.973708 -0.165600 0.000000 0.000000 0.000000 1.000000
0.999795 0.003368 0.019955 0.000000 0.001259 0.973784 -0.227470 16.254000 -0.020198 0.227448 0.973581 -0.165600 0.000000 0.000000 0.000000 1.000000
0.999797 0.003347 0.019882 0.000000 0.001279 0.973606 -0.228231 16.254000 -0.020121 0.228210 0.973404 -0.165600 0.000000 0.000000 0.000000 1.000000
0.999799 0.003320 0.019771 0.000000 0.001298 0.973407 -0.229077 16.254000 -0.020006 0.229057 0.973208 -0.165600 0.000000 0.000000 0.000000 1.000000
0.999801 0.003292 0.019675 0.000000 0.001320 0.973216 -0.229890 16.254000 -0.019905 0.229870 0.973018 -0.165600 0.000000 0.000000 0.000000 1.000000
0.999802 0.003283 0.019604 0.000000 0.001325 0.973064 -0.230533 16.254000 -0.019833 0.230514 0.972867 -0.165600 0.000000 0.000000 0.000000 1.000000
0.999802 0.003320 0.019615 0.000000 0.001300 0.972968 -0.230936 16.254000 -0.019851 0.230916 0.972771 -0.165600 0.000000 0.000000 0.000000 1.000000
0.999799 0.003394 0.019772 -0.000000 0.001271 0.972889 -0.231270 16.254000 -0.020021 0.231249 0.972689 -0.165600 0.000000 0.000000 0.000000 1.000000
0.999795 0.003466 0.019972 -0.000000 0.001258 0.972770 -0.231771 16.254000 -0.020232 0.231749 0.972565 -0.165600 0.000000 0.000000 0.000000 1.000000
0.999792 0.003541 0.020107 0.000000 0.001231 0.972601 -0.232480 16.254000 -0.020380 0.232456 0.972393 -0.165600 0.000000 0.000000 0.000000 1.000000
0.999788 0.003646 0.020251 0.000000 0.001180 0.972389 -0.233365 16.254000 -0.020543 0.233339 0.972178 -0.165600 0.000000 0.000000 0.000000 1.000000
0.999784 0.003751 0.020430 -0.000000 0.001146 0.972105 -0.234544 16.254000 -0.020740 0.234517 0.971891 -0.165600 0.000000 0.000000 0.000000 1.000000
0.999781 0.003871 0.020565 0.000000 0.001097 0.971701 -0.236213 16.254000 -0.020897 0.236184 0.971484 -0.165600 0.000000 0.000000 0.000000 1.000000
0.999779 0.004110 0.020621 0.000000 0.000924 0.971179 -0.238350 16.254000 -0.021006 0.238316 0.970960 -0.165600 0.000000 0.000000 0.000000 1.000000
0.999777 0.004497 0.020641 0.000000 0.000605 0.970585 -0.240759 16.254000 -0.021117 0.240717 0.970366 -0.165600 0.000000 0.000000 0.000000 1.000000
0.999774 0.004906 0.020683 -0.000000 0.000278 0.969900 -0.243505 16.254000 -0.021255 0.243456 0.969679 -0.165600 0.000000 0.000000 0.000000 1.000000
0.999771 0.005249 0.020741 0.000000 0.000034 0.969049 -0.246869 16.254000 -0.021395 0.246814 0.968827 -0.165600 0.000000 0.000000 0.000000 1.000000
0.999769 0.005643 0.020754 0.000000 -0.000256 0.968023 -0.250862 16.254000 -0.021505 0.250798 0.967800 -0.165600 0.000000 0.000000 0.000000 1.000000
0.999766 0.006039 0.020784 -0.000000 -0.000533 0.966860 -0.255306 16.254000 -0.021637 0.255235 0.966637 -0.165600 0.000000 0.000000 0.000000 1.000000
0.999757 0.006147 0.021154 0.000000 -0.000435 0.965602 -0.260024 16.254000 -0.022025 0.259952 0.965370 -0.165600 0.000000 0.000000 0.000000 1.000000
0.999738 0.006003 0.022085 -0.000000 0.000056 0.964341 -0.264662 16.254000 -0.022886 0.264594 0.964088 -0.165600 0.000000 0.000000 0.000000 1.000000
0.999711 0.005933 0.023298 0.000000 0.000546 0.963217 -0.268724 16.254000 -0.024036 0.268659 0.962935 -0.165600 0.000000 0.000000 0.000000 1.000000
0.999685 0.006010 0.024387 -0.000000 0.000847 0.962330 -0.271882 16.254000 -0.025102 0.271817 0.962022 -0.165600 0.000000 0.000000 0.000000 1.000000
0.999663 0.006126 0.025225 0.000000 0.001020 0.961741 -0.273958 16.254000 -0.025938 0.273891 0.961411 -0.165600 0.000000 0.000000 0.000000 1.000000
