<?xml version="1.0" encoding="utf-8"?>
<COLLADA xmlns="http://www.collada.org/2005/11/COLLADASchema" version="1.4.1">
  <asset><contributor><author>Mixamo</author><authoring_tool>COLLADA Mixamo exporter</authoring_tool><comments></comments></contributor><created>2018-12-20T16:35:17Z</created><modified>2018-12-20T16:35:17Z</modified><revision></revision><title></title><unit meter="0.010000"/><up_axis>Y_UP</up_axis></asset>
  <library_animations>
    <animation id="swat_Hips-anim" name="swat_Hips"><source id="swat_Hips-Matrix-animation-input"><float_array id="swat_Hips-Matrix-animation-input-array" count="36">

0.000000 0.033333 0.066667 0.100000 0.133333 0.166667 0.200000 0.233333 0.266667 0.300000 0.333333 0.366667 0.400000 0.433333 0.466667 0.500000
0.533333 0.566667 0.600000 0.633333 0.666667 0.700000 0.733333 0.766667 0.800000 0.833333 0.866667 0.900000 0.933333 0.966667 1.000000 1.033333
1.066667 1.100000 1.133333 1.166667</float_array><technique_common><accessor source="#swat_Hips-Matrix-animation-input-array" count="36"><param name="TIME" type="float"/></accessor></technique_common></source><source id="swat_Hips-Matrix-animation-output-transform"><float_array id="swat_Hips-Matrix-animation-output-transform-array" count="576">

0.998415 -0.007854 0.055731 0.020452 0.004577 0.998266 0.058685 95.451279 -0.056095 -0.058337 0.996720 -0.001902 0.000000 0.000000 0.000000 1.000000
0.999128 -0.021854 0.035571 0.038939 0.020319 0.998870 0.042954 95.450401 -0.036470 -0.042194 0.998444 4.793124 0.000000 0.000000 0.000000 1.000000
0.999391 -0.031501 0.015018 0.128031 0.031054 0.999094 0.029085 95.097588 -0.015921 -0.028601 0.999464 9.577318 0.000000 0.000000 0.000000 1.000000
0.999466 -0.032422 0.003970 0.245835 0.032342 0.999300 0.018813 94.438881 -0.004577 -0.018675 0.999815 14.874361 0.000000 0.000000 0.000000 1.000000
0.999615 -0.027717 0.001216 0.359826 0.027704 0.999567 0.009880 92.570061 -0.001490 -0.009842 0.999950 20.370731 0.000000 0.000000 0.000000 1.000000
0.999734 -0.022382 -0.005626 0.553858 0.022410 0.999737 0.004897 91.423454 0.005515 -0.005021 0.999972 25.974051 0.000000 0.000000 0.000000 1.000000
0.999462 -0.020096 -0.025928 0.858578 0.020239 0.999781 0.005291 90.775040 0.025816 -0.005813 0.999650 31.451775 0.000000 0.000000 0.000000 1.000000
0.998423 -0.024576 -0.050475 1.279408 0.024913 0.999671 0.006062 90.347755 0.050309 -0.007309 0.998707 36.628521 0.000000 0.000000 0.000000 1.000000
0.996751 -0.040759 -0.069476 1.864566 0.041515 0.999093 0.009472 90.109253 0.069027 -0.012325 0.997539 42.276142 0.000000 0.000000 0.000000 1.000000
0.994578 -0.060561 -0.084545 2.487840 0.062369 0.997874 0.018905 90.254623 0.083221 -0.024075 0.996240 48.703724 0.000000 0.000000 0.000000 1.000000
0.993319 -0.075716 -0.087084 2.961090 0.077942 0.996705 0.022449 90.164490 0.085097 -0.029086 0.995948 54.396732 0.000000 0.000000 0.000000 1.000000
0.994587 -0.082092 -0.063702 3.322498 0.083741 0.996207 0.023664 90.319633 0.061518 -0.028870 0.997688 59.733246 0.000000 0.000000 0.000000 1.000000
0.996297 -0.082078 -0.025603 3.646299 0.082881 0.996045 0.032033 90.968864 0.022873 -0.034036 0.999159 64.840981 0.000000 0.000000 0.000000 1.000000
0.997384 -0.071825 0.008087 3.869165 0.071440 0.996618 0.040595 91.899628 -0.010975 -0.039911 0.999143 69.834709 0.000000 0.000000 0.000000 1.000000
0.997893 -0.056221 0.032387 3.962106 0.054696 0.997433 0.046210 93.015793 -0.034902 -0.044341 0.998407 74.738060 0.000000 0.000000 0.000000 1.000000
0.997616 -0.045910 0.051524 4.000926 0.043455 0.997911 0.047811 94.092278 -0.053611 -0.045458 0.997527 79.497337 0.000000 0.000000 0.000000 1.000000
0.996846 -0.040567 0.068209 4.041500 0.037690 0.998366 0.042950 94.891350 -0.069839 -0.040243 0.996746 84.013771 0.000000 0.000000 0.000000 1.000000
0.995780 -0.036675 0.084126 4.044955 0.033610 0.998729 0.037560 95.202278 -0.085397 -0.034574 0.995747 88.423912 0.000000 0.000000 0.000000 1.000000
0.994235 -0.036684 0.100754 3.975633 0.033745 0.998958 0.030720 95.167419 -0.101776 -0.027143 0.994437 92.698769 0.000000 0.000000 0.000000 1.000000
0.992131 -0.040343 0.118529 3.891427 0.038124 0.999054 0.020934 94.872292 -0.119262 -0.016251 0.992730 96.822372 0.000000 0.000000 0.000000 1.000000
0.989876 -0.046209 0.134200 3.823181 0.045838 0.998932 0.005860 94.285156 -0.134327 0.000351 0.990937 100.855942 0.000000 0.000000 0.000000 1.000000
0.988417 -0.055096 0.141407 3.737280 0.056857 0.998347 -0.008438 93.435295 -0.140708 0.016380 0.989916 105.039680 0.000000 0.000000 0.000000 1.000000
0.987592 -0.064024 0.143397 3.569955 0.066862 0.997649 -0.015057 92.516502 -0.142096 0.024458 0.989551 109.542603 0.000000 0.000000 0.000000 1.000000
0.986605 -0.068256 0.148163 3.275792 0.071307 0.997336 -0.015373 91.584038 -0.146719 0.025732 0.988844 114.086876 0.000000 0.000000 0.000000 1.000000
0.986379 -0.062817 0.152023 2.813677 0.065764 0.997731 -0.014434 90.821846 -0.150771 0.024235 0.988272 118.994270 0.000000 0.000000 0.000000 1.000000
0.986519 -0.047700 0.156541 2.302438 0.049495 0.998746 -0.007590 90.361923 -0.155983 0.015236 0.987642 124.434021 0.000000 0.000000 0.000000 1.000000
0.983922 -0.034657 0.175205 1.806995 0.033845 0.999398 0.007617 90.383911 -0.175364 -0.001564 0.984502 130.236237 0.000000 0.000000 0.000000 1.000000
0.979230 -0.020201 0.201745 1.151736 0.016715 0.999680 0.018968 90.457123 -0.202063 -0.015202 0.979254 136.154800 0.000000 0.000000 0.000000 1.000000
0.978287 0.000207 0.207256 0.491573 -0.005174 0.999712 0.023422 90.559967 -0.207192 -0.023986 0.978006 141.807846 0.000000 0.000000 0.000000 1.000000
0.983444 0.015997 0.180507 0.091020 -0.022431 0.999182 0.033659 90.952827 -0.179821 -0.037151 0.982998 147.070908 0.000000 0.000000 0.000000 1.000000
0.988493 0.019290 0.150032 -0.139431 -0.026517 0.998575 0.046319 91.788651 -0.148925 -0.049765 0.987595 152.045273 0.000000 0.000000 0.000000 1.000000
0.991469 0.013474 0.129646 -0.253720 -0.020819 0.998243 0.055470 92.728958 -0.128671 -0.057696 0.990008 156.736526 0.000000 0.000000 0.000000 1.000000
0.993675 0.006301 0.112114 -0.274186 -0.013517 0.997876 0.063719 93.695099 -0.111474 -0.064832 0.991650 161.318680 0.000000 0.000000 0.000000 1.000000
0.995595 0.002030 0.093738 -0.237355 -0.008230 0.997798 0.065806 94.529243 -0.093398 -0.066288 0.993420 165.669189 0.000000 0.000000 0.000000 1.000000
0.997251 -0.000920 0.074090 -0.124507 -0.003809 0.997964 0.063669 95.205688 -0.073998 -0.063776 0.995217 169.793289 0.000000 0.000000 0.000000 1.000000
0.998415 -0.007854 0.055731 0.020452 0.004577 0.998266 0.058685 95.451279 -0.056095 -0.058337 0.996720 173.748077 0.000000 0.000000 0.000000 1.000000</float_array><technique_common><accessor source="#swat_Hips-Matrix-animation-output-transform-array" count="36" stride="16"><param type="float4x4"/></accessor></technique_common></source><source id="swat_Hips-Interpolations"><Name_array id="swat_Hips-Interpolations-array" count="36">
 LINEAR LINEAR LINEAR LINEAR LINEAR LINEAR LINEAR LINEAR LINEAR LINEAR LINEAR
LINEAR LINEAR LINEAR LINEAR LINEAR LINEAR LINEAR LINEAR LINEAR LINEAR LINEAR LINEAR
LINEAR LINEAR LINEAR LINEAR LINEAR LINEAR LINEAR LINEAR LINEAR LINEAR LINEAR LINEAR
LINEAR</Name_array><technique_common><accessor source="#swat_Hips-Interpolations-array" count="36"><param type="name"/></accessor></technique_common></source><sampler id="swat_Hips-Matrix-animation-transform"><input semantic="INPUT" source="#swat_Hips-Matrix-animation-input"/><input semantic="OUTPUT" source="#swat_Hips-Matrix-animation-output-transform"/><input semantic="INTERPOLATION" source="#swat_Hips-Interpolations"/></sampler><channel source="#swat_Hips-Matrix-animation-transform" target="swat_Hips/matrix"/></animation>
    <animation id="swat_Spine-anim" name="swat_Spine"><source id="swat_Spine-Matrix-animation-input"><float_array id="swat_Spine-Matrix-animation-input-array" count="36">

0.000000 0.033333 0.066667 0.100000 0.133333 0.166667 0.200000 0.233333 0.266667 0.300000 0.333333 0.366667 0.400000 0.433333 0.466667 0.500000
0.533333 0.566667 0.600000 0.633333 0.666667 0.700000 0.733333 0.766667 0.800000 0.833333 0.866667 0.900000 0.933333 0.966667 1.000000 1.033333
1.066667 1.100000 1.133333 1.166667</float_array><technique_common><accessor source="#swat_Spine-Matrix-animation-input-array" count="36"><param name="TIME" type="float"/></accessor></technique_common></source><source id="swat_Spine-Matrix-animation-output-transform"><float_array id="swat_Spine-Matrix-animation-output-transform-array" count="576">

0.999889 -0.013522 0.006312 0.000000 0.014095 0.994693 -0.101914 9.226300 -0.004900 0.101991 0.994773 1.577100 0.000000 0.000000 0.000000 1.000000
0.999632 0.004817 0.026699 -0.000000 -0.002265 0.995494 -0.094797 9.226300 -0.027035 0.094702 0.995138 1.577100 0.000000 0.000000 0.000000 1.000000
0.998869 0.017530 0.044194 0.000000 -0.013458 0.995777 -0.090809 9.226300 -0.045600 0.090111 0.994887 1.577100 0.000000 0.000000 0.000000 1.000000
0.998221 0.020676 0.055917 0.000000 -0.015680 0.995966 -0.088354 9.226300 -0.057518 0.087320 0.994518 1.577100 0.000000 0.000000 0.000000 1.000000
0.997875 0.019813 0.062064 0.000000 -0.015472 0.997450 -0.069674 9.226300 -0.063287 0.068566 0.995637 1.577100 0.000000 0.000000 0.000000 1.000000
0.997067 0.019102 0.074114 0.000000 -0.014973 0.998326 -0.055864 9.226300 -0.075057 0.054591 0.995684 1.577100 0.000000 0.000000 0.000000 1.000000
0.995374 0.022019 0.093520 0.000000 -0.016530 0.998117 -0.059064 9.226300 -0.094645 0.057245 0.993864 1.577100 0.000000 0.000000 0.000000 1.000000
0.993161 0.031341 0.112465 0.000000 -0.024218 0.997646 -0.064151 9.226300 -0.114211 0.060989 0.991583 1.577100 0.000000 0.000000 0.000000 1.000000
0.990554 0.050175 0.127611 0.000000 -0.041306 0.996605 -0.071216 9.226300 -0.130751 0.065272 0.989264 1.577100 0.000000 0.000000 0.000000 1.000000
0.987991 0.071213 0.137119 0.000000 -0.059443 0.994336 -0.088101 9.226300 -0.142616 0.078892 0.986629 1.577100 0.000000 0.000000 0.000000 1.000000
0.987024 0.085704 0.135792 0.000000 -0.073143 0.992792 -0.094946 9.226300 -0.142950 0.083782 0.986177 1.577100 0.000000 0.000000 0.000000 1.000000
0.989239 0.087476 0.117280 -0.000000 -0.075921 0.992126 -0.099611 9.226300 -0.125070 0.089635 0.988091 1.577100 0.000000 0.000000 0.000000 1.000000
0.993171 0.078249 0.086535 0.000000 -0.069003 0.992063 -0.105113 9.226300 -0.094073 0.098424 0.990688 1.577100 0.000000 0.000000 0.000000 1.000000
0.996729 0.058423 0.055844 0.000000 -0.052212 0.992903 -0.106855 9.226300 -0.061690 0.103590 0.992705 1.577100 0.000000 0.000000 0.000000 1.000000
0.998885 0.036720 0.029682 0.000000 -0.033363 0.993742 -0.106597 9.226300 -0.033410 0.105488 0.993859 1.577100 0.000000 0.000000 0.000000 1.000000
0.999734 0.022424 0.005473 0.000000 -0.021717 0.994121 -0.106079 9.226300 -0.007819 0.105932 0.994343 1.577100 0.000000 0.000000 0.000000 1.000000
0.999769 0.013018 -0.017085 -0.000000 -0.014729 0.994448 -0.104197 9.226300 0.015634 0.104424 0.994410 1.577100 0.000000 0.000000 0.000000 1.000000
0.999393 0.006357 -0.034260 0.000000 -0.009877 0.994570 -0.103599 9.226300 0.033415 0.103874 0.994029 1.577100 0.000000 0.000000 0.000000 1.000000
0.998743 0.004925 -0.049885 0.000000 -0.010030 0.994673 -0.102592 9.226300 0.049114 0.102963 0.993472 1.577100 0.000000 0.000000 0.000000 1.000000
0.997762 0.006020 -0.066601 0.000000 -0.012638 0.994967 -0.099402 9.226300 0.065667 0.100021 0.992816 1.577100 0.000000 0.000000 0.000000 1.000000
0.996813 0.008821 -0.079282 0.000000 -0.016020 0.995756 -0.090631 9.226300 0.078146 0.091613 0.992724 1.577100 0.000000 0.000000 0.000000 1.000000
0.996259 0.016010 -0.084923 0.000000 -0.022726 0.996638 -0.078719 9.226300 0.083377 0.080354 0.993273 1.577100 0.000000 0.000000 0.000000 1.000000
0.995657 0.023691 -0.090037 0.000000 -0.029977 0.997158 -0.069112 9.226300 0.088143 0.071511 0.993538 1.577100 0.000000 0.000000 0.000000 1.000000
0.994648 0.025278 -0.100178 -0.000000 -0.032581 0.996876 -0.071946 9.226300 0.098046 0.074825 0.992365 1.577100 0.000000 0.000000 0.000000 1.000000
0.993265 0.019898 -0.114141 0.000000 -0.028239 0.997010 -0.071925 9.226300 0.112368 0.074664 0.990858 1.577100 0.000000 0.000000 0.000000 1.000000
0.991366 0.003327 -0.131078 0.000000 -0.012848 0.997332 -0.071861 9.226300 0.130489 0.072924 0.988764 1.577100 0.000000 0.000000 0.000000 1.000000
0.988119 -0.013895 -0.153060 -0.000000 0.002204 0.997083 -0.076290 9.226300 0.153674 0.075046 0.985268 1.577100 0.000000 0.000000 0.000000 1.000000
0.985128 -0.025605 -0.169903 0.000000 0.013017 0.997114 -0.074795 9.226300 0.171328 0.071471 0.982618 1.577100 0.000000 0.000000 0.000000 1.000000
0.985026 -0.039174 -0.167896 0.000000 0.027112 0.996923 -0.073543 9.226300 0.170260 0.067890 0.983058 1.577100 0.000000 0.000000 0.000000 1.000000
0.988274 -0.051541 -0.143732 0.000000 0.040043 0.995846 -0.081775 9.226300 0.147350 0.075060 0.986232 1.577100 0.000000 0.000000 0.000000 1.000000
0.991793 -0.051546 -0.117006 -0.000000 0.041087 0.995084 -0.090108 9.226300 0.121076 0.084561 0.989035 1.577100 0.000000 0.000000 0.000000 1.000000
0.994595 -0.042388 -0.094784 -0.000000 0.033208 0.994788 -0.096409 9.226300 0.098376 0.092740 0.990819 1.577100 0.000000 0.000000 0.000000 1.000000
0.997048 -0.032751 -0.069442 0.000000 0.025572 0.994469 -0.101868 9.226300 0.072394 0.099792 0.992371 1.577100 0.000000 0.000000 0.000000 1.000000
0.998805 -0.026534 -0.041045 -0.000000 0.022158 0.994369 -0.103628 9.226300 0.043564 0.102595 0.993769 1.577100 0.000000 0.000000 0.000000 1.000000
0.999625 -0.022385 -0.015790 0.000000 0.020630 0.994396 -0.103686 9.226300 0.018023 0.103322 0.994485 1.577100 0.000000 0.000000 0.000000 1.000000
0.999889 -0.013522 0.006312 0.000000 0.014095 0.994693 -0.101914 9.226300 -0.004900 0.101991 0.994773 1.577100 0.000000 0.000000 0.000000 1.000000</float_array><technique_common><accessor source="#swat_Spine-Matrix-animation-output-transform-array" count="36" stride="16"><param type="float4x4"/></accessor></technique_common></source><source id="swat_Spine-Interpolations"><Name_array id="swat_Spine-Interpolations-array" count="36">
 LINEAR LINEAR LINEAR LINEAR LINEAR LINEAR LINEAR LINEAR LINEAR LINEAR LINEAR
LINEAR LINEAR LINEAR LINEAR LINEAR LINEAR LINEAR LINEAR LINEAR LINEAR LINEAR LINEAR
LINEAR LINEAR LINEAR LINEAR LINEAR LINEAR LINEAR LINEAR LINEAR LINEAR LINEAR LINEAR
LINEAR</Name_array><technique_common><accessor source="#swat_Spine-Interpolations-array" count="36"><param type="name"/></accessor></technique_common></source><sampler id="swat_Spine-Matrix-animation-transform"><input semantic="INPUT" source="#swat_Spine-Matrix-animation-input"/><input semantic="OUTPUT" source="#swat_Spine-Matrix-animation-output-transform"/><input semantic="INTERPOLATION" source="#swat_Spine-Interpolations"/></sampler><channel source="#swat_Spine-Matrix-animation-transform" target="swat_Spine/matrix"/></animation>
    <animation id="swat_Spine1-anim" name="swat_Spine1"><source id="swat_Spine1-Matrix-animation-input"><float_array id="swat_Spine1-Matrix-animation-input-array" count="36">

0.000000 0.033333 0.066667 0.100000 0.133333 0.166667 0.200000 0.233333 0.266667 0.300000 0.333333 0.366667 0.400000 0.433333 0.466667 0.500000
0.533333 0.566667 0.600000 0.633333 0.666667 0.700000 0.733333 0.766667 0.800000 0.833333 0.866667 0.900000 0.933333 0.966667 1.000000 1.033333
1.066667 1.100000 1.133333 1.166667</float_array><technique_common><accessor source="#swat_Spine1-Matrix-animation-input-array" count="36"><param name="TIME" type="float"/></accessor></technique_common></source><source id="swat_Spine1-Matrix-animation-output-transform"><float_array id="swat_Spine1-Matrix-animation-output-transform-array" count="576">

0.999990 -0.004059 0.001675 0.000000 0.004078 0.999927 -0.011332 16.254000 -0.001628 0.011339 0.999934 -0.165600 0.000000 0.000000 0.000000 1.000000
0.999969 -0.001447 0.007701 0.000000 0.001531 0.999939 -0.010937 16.254000 -0.007685 0.010949 0.999911 -0.165600 0.000000 0.000000 0.000000 1.000000
0.999918 0.000337 0.012800 0.000000 -0.000199 0.999942 -0.010810 16.254000 -0.012803 0.010806 0.999860 -0.165600 0.000000 0.000000 0.000000 1.000000
0.999870 0.000607 0.016122 -0.000000 -0.000432 0.999940 -0.010911 16.254000 -0.016127 0.010902 0.999811 -0.165600 0.000000 0.000000 0.000000 1.000000
0.999841 -0.000435 0.017846 0.000000 0.000750 0.999845 -0.017611 16.254000 -0.017836 0.017621 0.999686 -0.165600 0.000000 0.000000 0.000000 1.000000
0.999776 -0.000417 0.021169 0.000000 0.000876 0.999764 -0.021699 16.254000 -0.021155 0.021713 0.999540 -0.165600 0.000000 0.000000 0.000000 1.000000
0.999648 0.000785 0.026537 0.000000 -0.000253 0.999799 -0.020024 16.254000 -0.026547 0.020011 0.999447 -0.165600 0.000000 0.000000 0.000000 1.000000
0.999485 0.001950 0.032023 0.000000 -0.001394 0.999848 -0.017374 16.254000 -0.032052 0.017320 0.999336 -0.165600 0.000000 0.000000 0.000000 1.000000
0.999314 0.004714 0.036741 0.000000 -0.004237 0.999906 -0.013045 16.254000 -0.036799 0.012880 0.999240 -0.165600 0.000000 0.000000 0.000000 1.000000
0.999155 0.008962 0.040106 0.000000 -0.008678 0.999936 -0.007270 16.254000 -0.040168 0.006916 0.999169 -0.165600 0.000000 0.000000 0.000000 1.000000
0.999124 0.011203 0.040312 0.000000 -0.010999 0.999926 -0.005290 16.254000 -0.040368 0.004842 0.999173 -0.165600 0.000000 0.000000 0.000000 1.000000
0.999310 0.011703 0.035243 0.000000 -0.011553 0.999923 -0.004445 16.254000 -0.035292 0.004035 0.999369 -0.165600 0.000000 0.000000 0.000000 1.000000
0.999599 0.010568 0.026267 0.000000 -0.010435 0.999932 -0.005206 16.254000 -0.026320 0.004930 0.999641 -0.165600 0.000000 0.000000 0.000000 1.000000
0.999830 0.007265 0.016972 0.000000 -0.007160 0.999955 -0.006270 16.254000 -0.017017 0.006148 0.999836 -0.165600 0.000000 0.000000 0.000000 1.000000
0.999954 0.003424 0.008975 -0.000000 -0.003360 0.999969 -0.007061 16.254000 -0.008999 0.007030 0.999935 -0.165600 0.000000 0.000000 0.000000 1.000000
0.999998 0.001085 0.001864 0.000000 -0.001071 0.999972 -0.007429 16.254000 -0.001872 0.007427 0.999971 -0.165600 0.000000 0.000000 0.000000 1.000000
0.999989 0.000315 -0.004583 -0.000000 -0.000348 0.999975 -0.007132 16.254000 0.004581 0.007133 0.999964 -0.165600 0.000000 0.000000 0.000000 1.000000
0.999956 -0.000482 -0.009390 0.000000 0.000413 0.999973 -0.007318 16.254000 0.009394 0.007313 0.999929 -0.165600 0.000000 0.000000 0.000000 1.000000
0.999907 -0.000664 -0.013585 0.000000 0.000558 0.999969 -0.007855 16.254000 0.013590 0.007847 0.999877 -0.165600 0.000000 0.000000 0.000000 1.000000
0.999837 0.000176 -0.018080 -0.000000 -0.000323 0.999966 -0.008183 16.254000 0.018078 0.008188 0.999803 -0.165600 0.000000 0.000000 0.000000 1.000000
0.999769 0.000963 -0.021486 0.000000 -0.001119 0.999973 -0.007221 16.254000 0.021478 0.007243 0.999743 -0.165600 0.000000 0.000000 0.000000 1.000000
0.999739 0.001422 -0.022815 0.000000 -0.001602 0.999968 -0.007880 16.254000 0.022803 0.007914 0.999709 -0.165600 0.000000 0.000000 0.000000 1.000000
0.999710 0.001692 -0.024013 0.000000 -0.001960 0.999936 -0.011125 16.254000 0.023992 0.011169 0.999650 -0.165600 0.000000 0.000000 0.000000 1.000000
0.999642 0.001643 -0.026718 -0.000000 -0.001932 0.999940 -0.010803 16.254000 0.026699 0.010851 0.999585 -0.165600 0.000000 0.000000 0.000000 1.000000
0.999527 0.000740 -0.030743 -0.000000 -0.001084 0.999937 -0.011157 16.254000 0.030733 0.011185 0.999465 -0.165600 0.000000 0.000000 0.000000 1.000000
0.999353 -0.001523 -0.035928 -0.000000 0.001166 0.999950 -0.009952 16.254000 0.035942 0.009904 0.999305 -0.165600 0.000000 0.000000 0.000000 1.000000
0.999088 -0.004090 -0.042503 0.000000 0.003836 0.999974 -0.006056 16.254000 0.042527 0.005887 0.999078 -0.165600 0.000000 0.000000 0.000000 1.000000
0.998855 -0.005698 -0.047492 0.000000 0.005598 0.999982 -0.002244 16.254000 0.047504 0.001976 0.998869 -0.165600 0.000000 0.000000 0.000000 1.000000
0.998853 -0.007846 -0.047225 0.000000 0.007811 0.999969 -0.000923 16.254000 0.047231 0.000554 0.998884 -0.165600 0.000000 0.000000 0.000000 1.000000
0.999113 -0.010921 -0.040678 -0.000000 0.010819 0.999938 -0.002716 16.254000 0.040705 0.002274 0.999169 -0.165600 0.000000 0.000000 0.000000 1.000000
0.999384 -0.011685 -0.033098 -0.000000 0.011525 0.999921 -0.005035 16.254000 0.033154 0.004650 0.999439 -0.165600 0.000000 0.000000 0.000000 1.000000
0.999597 -0.009851 -0.026628 0.000000 0.009663 0.999928 -0.007182 16.254000 0.026697 0.006922 0.999620 -0.165600 0.000000 0.000000 0.000000 1.000000
0.999783 -0.007529 -0.019401 0.000000 0.007352 0.999931 -0.009176 16.254000 0.019469 0.009031 0.999770 -0.165600 0.000000 0.000000 0.000000 1.000000
0.999916 -0.005904 -0.011500 0.000000 0.005791 0.999934 -0.009905 16.254000 0.011557 0.009838 0.999885 -0.165600 0.000000 0.000000 0.000000 1.000000
0.999977 -0.005029 -0.004545 0.000000 0.004981 0.999931 -0.010597 16.254000 0.004598 0.010574 0.999934 -0.165600 0.000000 0.000000 0.000000 1.000000
0.999990 -0.004059 0.001675 -0.000000 0.004078 0.999927 -0.011332 16.254000 -0.001628 0.011339 0.999934 -0.165600 0.000000 0.000000 0.000000 1.000000</float_array><technique_common><accessor source="#swat_Spine1-Matrix-animation-output-transform-array" count="36" stride="16"><param type="float4x4"/></accessor></technique_common></source><source id="swat_Spine1-Interpolations"><Name_array id="swat_Spine1-Interpolations-array" count="36">
 LINEAR LINEAR LINEAR LINEAR LINEAR LINEAR LINEAR LINEAR LINEAR LINEAR LINEAR
LINEAR LINEAR LINEAR LINEAR LINEAR LINEAR LINEAR LINEAR LINEAR LINEAR LINEAR LINEAR
LINEAR LINEAR LINEAR LINEAR LINEAR LINEAR LINEAR LINEAR LINEAR LINEAR LINEAR LINEAR
LINEAR</Name_array><technique_common><accessor source="#swat_Spine1-Interpolations-array" count="36"><param type="name"/></accessor></technique_common></source><sampler id="swat_Spine1-Matrix-animation-transform"><input semantic="INPUT" source="#swat_Spine1-Matrix-animation-input"/><input semantic="OUTPUT" source="#swat_Spine1-Matrix-animation-output-transform"/><input semantic="INTERPOLATION" source="#swat_Spine1-Interpolations"/></sampler><channel source="#swat_Spine1-Matrix-animation-transform" target="swat_Spine1/matrix"/></animation>
    <animation id="swat_Spine2-anim" name="swat_Spine2"><source id="swat_Spine2-Matrix-animation-input"><float_array id="swat_Spine2-Matrix-animation-input-array" count="36">

0.000000 0.033333 0.066667 0.100000 0.133333 0.166667 0.200000 0.233333 0.266667 0.300000 0.333333 0.366667 0.400000 0.433333 0.466667 0.500000
0.533333 0.566667 0.600000 0.633333 0.666667 0.700000 0.733333 0.766667 0.800000 0.833333 0.866667 0.900000 0.933333 0.966667 1.000000 1.033333
1.066667 1.100000 1.133333 1.166667</float_array><technique_common><accessor source="#swat_Spine2-Matrix-animation-input-array" count="36"><param name="TIME" type="float"/></accessor></technique_common></source><source id="swat_Spine2-Matrix-animation-output-transform"><float_array id="swat_Spine2-Matrix-animation-output-transform-array" count="576">

0.999990 -0.004064 0.001598 0.000000 0.004082 0.999927 -0.011335 13.639600 -0.001552 0.011342 0.999934 -1.292300 0.000000 0.000000 0.000000 1.000000
0.999970 -0.001412 0.007629 0.000000 0.001495 0.999939 -0.010955 13.639600 -0.007613 0.010966 0.999911 -1.292300 0.000000 0.000000 0.000000 1.000000
0.999919 0.000406 0.012728 0.000000 -0.000268 0.999941 -0.010833 13.639600 -0.012732 0.010829 0.999860 -1.292300 0.000000 0.000000 0.000000 1.000000
0.999871 0.000699 0.016045 0.000000 -0.000523 0.999940 -0.010944 13.639600 -0.016052 0.010934 0.999811 -1.292300 0.000000 0.000000 0.000000 1.000000
0.999842 -0.000456 0.017793 0.000000 0.000769 0.999844 -0.017633 13.639600 -0.017782 0.017643 0.999686 -1.292300 0.000000 0.000000 0.000000 1.000000
0.999777 -0.000530 0.021130 -0.000000 0.000989 0.999764 -0.021717 13.639600 -0.021114 0.021733 0.999541 -1.292300 0.000000 0.000000 0.000000 1.000000
0.999649 0.000693 0.026497 0.000000 -0.000161 0.999799 -0.020054 13.639600 -0.026506 0.020043 0.999448 -1.292300 0.000000 0.000000 0.000000 1.000000
0.999487 0.001880 0.031977 0.000000 -0.001324 0.999847 -0.017414 13.639600 -0.032005 0.017363 0.999337 -1.292300 0.000000 0.000000 0.000000 1.000000
0.999315 0.004725 0.036696 0.000000 -0.004248 0.999906 -0.013068 13.639600 -0.036754 0.012903 0.999241 -1.292300 0.000000 0.000000 0.000000 1.000000
0.999155 0.009099 0.040071 0.000000 -0.008816 0.999935 -0.007246 13.639600 -0.040134 0.006887 0.999171 -1.292300 0.000000 0.000000 0.000000 1.000000
0.999122 0.011285 0.040338 -0.000000 -0.011085 0.999925 -0.005196 13.639600 -0.040394 0.004744 0.999173 -1.292300 0.000000 0.000000 0.000000 1.000000
0.999307 0.011759 0.035308 0.000000 -0.011613 0.999923 -0.004325 13.639600 -0.035356 0.003912 0.999367 -1.292300 0.000000 0.000000 0.000000 1.000000
0.999597 0.010633 0.026331 0.000000 -0.010502 0.999932 -0.005108 13.639600 -0.026384 0.004829 0.999640 -1.292300 0.000000 0.000000 0.000000 1.000000
0.999829 0.007324 0.017000 0.000000 -0.007219 0.999955 -0.006227 13.639600 -0.017045 0.006103 0.999836 -1.292300 0.000000 0.000000 0.000000 1.000000
0.999954 0.003458 0.008967 -0.000000 -0.003395 0.999969 -0.007054 13.639600 -0.008991 0.007023 0.999935 -1.292300 0.000000 0.000000 0.000000 1.000000
0.999998 0.001090 0.001847 0.000000 -0.001076 0.999972 -0.007428 13.639600 -0.001855 0.007426 0.999971 -1.292300 0.000000 0.000000 0.000000 1.000000
0.999989 0.000294 -0.004585 -0.000000 -0.000327 0.999975 -0.007133 13.639600 0.004583 0.007135 0.999964 -1.292300 0.000000 0.000000 0.000000 1.000000
0.999956 -0.000526 -0.009387 0.000000 0.000457 0.999973 -0.007321 13.639600 0.009391 0.007317 0.999929 -1.292300 0.000000 0.000000 0.000000 1.000000
0.999908 -0.000735 -0.013576 -0.000000 0.000628 0.999969 -0.007865 13.639600 0.013582 0.007856 0.999877 -1.292300 0.000000 0.000000 0.000000 1.000000
0.999837 0.000077 -0.018052 0.000000 -0.000226 0.999966 -0.008217 13.639600 0.018051 0.008219 0.999803 -1.292300 0.000000 0.000000 0.000000 1.000000
0.999770 0.000856 -0.021450 0.000000 -0.001012 0.999973 -0.007280 13.639600 0.021444 0.007300 0.999743 -1.292300 0.000000 0.000000 0.000000 1.000000
0.999740 0.001371 -0.022773 0.000000 -0.001553 0.999967 -0.007965 13.639600 0.022761 0.007998 0.999709 -1.292300 0.000000 0.000000 0.000000 1.000000
0.999712 0.001735 -0.023952 0.000000 -0.002005 0.999935 -0.011240 13.639600 0.023931 0.011285 0.999650 -1.292300 0.000000 0.000000 0.000000 1.000000
0.999643 0.001667 -0.026666 0.000000 -0.001959 0.999938 -0.010925 13.639600 0.026647 0.010974 0.999585 -1.292300 0.000000 0.000000 0.000000 1.000000
0.999528 0.000748 -0.030703 -0.000000 -0.001095 0.999936 -0.011284 13.639600 0.030692 0.011312 0.999465 -1.292300 0.000000 0.000000 0.000000 1.000000
0.999354 -0.001582 -0.035903 -0.000000 0.001222 0.999949 -0.010059 13.639600 0.035917 0.010009 0.999305 -1.292300 0.000000 0.000000 0.000000 1.000000
0.999088 -0.004246 -0.042478 0.000000 0.003989 0.999973 -0.006139 13.639600 0.042503 0.005964 0.999079 -1.292300 0.000000 0.000000 0.000000 1.000000
0.998855 -0.005819 -0.047477 0.000000 0.005716 0.999981 -0.002307 13.639600 0.047490 0.002033 0.998870 -1.292300 0.000000 0.000000 0.000000 1.000000
0.998852 -0.007921 -0.047234 -0.000000 0.007887 0.999968 -0.000913 13.639600 0.047239 0.000540 0.998883 -1.292300 0.000000 0.000000 0.000000 1.000000
0.999110 -0.011042 -0.040714 0.000000 0.010946 0.999937 -0.002590 13.639600 0.040740 0.002142 0.999167 -1.292300 0.000000 0.000000 0.000000 1.000000
0.999380 -0.011847 -0.033147 0.000000 0.011691 0.999920 -0.004882 13.639600 0.033202 0.004492 0.999439 -1.292300 0.000000 0.000000 0.000000 1.000000
0.999594 -0.010027 -0.026672 0.000000 0.009842 0.999927 -0.007071 13.639600 0.026741 0.006806 0.999619 -1.292300 0.000000 0.000000 0.000000 1.000000
0.999781 -0.007689 -0.019441 -0.000000 0.007513 0.999930 -0.009109 13.639600 0.019510 0.008961 0.999770 -1.292300 0.000000 0.000000 0.000000 1.000000
0.999915 -0.006012 -0.011546 0.000000 0.005898 0.999934 -0.009865 13.639600 0.011605 0.009797 0.999885 -1.292300 0.000000 0.000000 0.000000 1.000000
0.999976 -0.005085 -0.004603 -0.000000 0.005036 0.999931 -0.010578 13.639600 0.004657 0.010555 0.999933 -1.292300 0.000000 0.000000 0.000000 1.000000
0.999990 -0.004064 0.001598 0.000000 0.004082 0.999927 -0.011335 13.639600 -0.001552 0.011342 0.999934 -1.292300 0.000000 0.000000 0.000000 1.000000</float_array><technique_common><accessor source="#swat_Spine2-Matrix-animation-output-transform-array" count="36" stride="16"><param type="float4x4"/></accessor></technique_common></source><source id="swat_Spine2-Interpolations"><Name_array id="swat_Spine2-Interpolations-array" count="36">
 LINEAR LINEAR LINEAR LINEAR LINEAR LINEAR LINEAR LINEAR LINEAR LINEAR LINEAR
LINEAR LINEAR LINEAR LINEAR LINEAR LINEAR LINEAR LINEAR LINEAR LINEAR LINEAR LINEAR
LINEAR LINEAR LINEAR LINEAR LINEAR LINEAR LINEAR LINEAR LINEAR LINEAR LINEAR LINEAR
LINEAR</Name_array><technique_common><accessor source="#swat_Spine2-Interpolations-array" count="36"><param type="name"/></accessor></technique_common></source><sampler id="swat_Spine2-Matrix-animation-transform"><input semantic="INPUT" source="#swat_Spine2-Matrix-animation-input"/><input semantic="OUTPUT" source="#swat_Spine2-Matrix-animation-output-transform"/><input semantic="INTERPOLATION" source="#swat_Spine2-Interpolations"/></sampler><channel source="#swat_Spine2-Matrix-animation-transform" target="swat_Spine2/matrix"/></animation>
    <animation id="swat_Neck-anim" name="swat_Neck"><source id="swat_Neck-Matrix-animation-input"><float_array id="swat_Neck-Matrix-animation-input-array" count="36">

0.000000 0.033333 0.066667 0.100000 0.133333 0.166667 0.200000 0.233333 0.266667 0.300000 0.333333 0.366667 0.400000 0.433333 0.466667 0.500000
0.533333 0.566667 0.600000 0.633333 0.666667 0.700000 0.733333 0.766667 0.800000 0.833333 0.866667 0.900000 0.933333 0.966667 1.000000 1.033333
1.066667 1.100000 1.133333 1.166667</float_array><technique_common><accessor source="#swat_Neck-Matrix-animation-input-array" count="36"><param name="TIME" type="float"/></accessor></technique_common></source><source id="swat_Neck-Matrix-animation-output-transform"><float_array id="swat_Neck-Matrix-animation-output-transform-array" count="576">

0.999993 -0.000660 -0.003662 0.000000 0.000692 0.999962 0.008660 13.877400 0.003656 -0.008663 0.999956 -4.354200 0.000000 0.000000 0.000000 1.000000
0.999991 -0.000452 -0.004278 -0.000000 0.000490 0.999960 0.008959 13.877400 0.004274 -0.008961 0.999951 -4.354200 0.000000 0.000000 0.000000 1.000000
0.999990 -0.000066 -0.004523 0.000000 0.000110 0.999953 0.009700 13.877400 0.004522 -0.009701 0.999943 -4.354200 0.000000 0.000000 0.000000 1.000000
0.999988 0.000128 -0.004911 -0.000000 -0.000077 0.999946 0.010433 13.877400 0.004912 -0.010433 0.999934 -4.354200 0.000000 0.000000 0.000000 1.000000
0.999985 -0.000431 -0.005416 0.000000 0.000491 0.999938 0.011146 13.877400 0.005411 -0.011148 0.999923 -4.354200 0.000000 0.000000 0.000000 1.000000
0.999980 -0.001092 -0.006212 -0.000000 0.001164 0.999931 0.011671 13.877400 0.006199 -0.011678 0.999913 -4.354200 0.000000 0.000000 0.000000 1.000000
0.999974 -0.001731 -0.007057 0.000000 0.001820 0.999919 0.012590 13.877400 0.007034 -0.012602 0.999896 -4.354200 0.000000 0.000000 0.000000 1.000000
0.999970 -0.001827 -0.007564 0.000000 0.001930 0.999905 0.013627 13.877400 0.007538 -0.013641 0.999879 -4.354200 0.000000 0.000000 0.000000 1.000000
0.999967 -0.001743 -0.007951 0.000000 0.001855 0.999899 0.014074 13.877400 0.007926 -0.014088 0.999869 -4.354200 0.000000 0.000000 0.000000 1.000000
0.999965 -0.001598 -0.008169 0.000000 0.001714 0.999898 0.014185 13.877400 0.008145 -0.014199 0.999866 -4.354200 0.000000 0.000000 0.000000 1.000000
0.999968 -0.001010 -0.007988 0.000000 0.001126 0.999892 0.014629 13.877400 0.007972 -0.014637 0.999861 -4.354200 0.000000 0.000000 0.000000 1.000000
0.999973 -0.000193 -0.007365 0.000000 0.000303 0.999889 0.014902 13.877400 0.007361 -0.014904 0.999862 -4.354200 0.000000 0.000000 0.000000 1.000000
0.999980 0.000881 -0.006196 0.000000 -0.000794 0.999900 0.014124 13.877400 0.006208 -0.014118 0.999881 -4.354200 0.000000 0.000000 0.000000 1.000000
0.999987 0.001920 -0.004811 -0.000000 -0.001859 0.999919 0.012597 13.877400 0.004834 -0.012588 0.999909 -4.354200 0.000000 0.000000 0.000000 1.000000
0.999991 0.002197 -0.003664 -0.000000 -0.002157 0.999936 0.011100 13.877400 0.003688 -0.011092 0.999932 -4.354200 0.000000 0.000000 0.000000 1.000000
0.999994 0.002017 -0.002748 0.000000 -0.001989 0.999947 0.010112 13.877400 0.002768 -0.010106 0.999945 -4.354200 0.000000 0.000000 0.000000 1.000000
0.999996 0.001837 -0.002036 0.000000 -0.001817 0.999949 0.009900 13.877400 0.002055 -0.009897 0.999949 -4.354200 0.000000 0.000000 0.000000 1.000000
0.999997 0.002017 -0.001579 0.000000 -0.002001 0.999947 0.010123 13.877400 0.001600 -0.010120 0.999948 -4.354200 0.000000 0.000000 0.000000 1.000000
0.999997 0.002222 -0.001141 -0.000000 -0.002209 0.999940 0.010707 13.877400 0.001164 -0.010704 0.999942 -4.354200 0.000000 0.000000 0.000000 1.000000
0.999997 0.002448 -0.000613 0.000000 -0.002441 0.999933 0.011343 13.877400 0.000641 -0.011341 0.999935 -4.354200 0.000000 0.000000 0.000000 1.000000
0.999995 0.003007 -0.000203 0.000000 -0.003005 0.999928 0.011647 13.877400 0.000238 -0.011646 0.999932 -4.354200 0.000000 0.000000 0.000000 1.000000
0.999994 0.003562 -0.000048 0.000000 -0.003561 0.999918 0.012261 13.877400 0.000092 -0.012261 0.999925 -4.354200 0.000000 0.000000 0.000000 1.000000
0.999993 0.003754 0.000209 0.000000 -0.003757 0.999907 0.013130 13.877400 -0.000159 -0.013130 0.999914 -4.354200 0.000000 0.000000 0.000000 1.000000
0.999992 0.003779 0.000865 -0.000000 -0.003791 0.999894 0.014050 13.877400 -0.000812 -0.014054 0.999901 -4.354200 0.000000 0.000000 0.000000 1.000000
0.999994 0.003056 0.001540 0.000000 -0.003079 0.999885 0.014833 13.877400 -0.001495 -0.014838 0.999889 -4.354200 0.000000 0.000000 0.000000 1.000000
0.999994 0.002624 0.002304 0.000000 -0.002658 0.999886 0.014832 13.877400 -0.002265 -0.014838 0.999887 -4.354200 0.000000 0.000000 0.000000 1.000000
0.999990 0.003009 0.003269 0.000000 -0.003055 0.999895 0.014194 13.877400 -0.003226 -0.014204 0.999894 -4.354200 0.000000 0.000000 0.000000 1.000000
0.999990 0.002639 0.003522 0.000000 -0.002686 0.999905 0.013524 13.877400 -0.003486 -0.013533 0.999902 -4.354200 0.000000 0.000000 0.000000 1.000000
0.999993 0.002013 0.003064 0.000000 -0.002055 0.999903 0.013790 13.877400 -0.003036 -0.013796 0.999900 -4.354200 0.000000 0.000000 0.000000 1.000000
0.999995 0.002090 0.002305 0.000000 -0.002123 0.999897 0.014216 13.877400 -0.002275 -0.014220 0.999896 -4.354200 0.000000 0.000000 0.000000 1.000000
0.999998 0.001553 0.001452 0.000000 -0.001572 0.999906 0.013609 13.877400 -0.001431 -0.013611 0.999906 -4.354200 0.000000 0.000000 0.000000 1.000000
1.000000 0.000732 0.000570 0.000000 -0.000739 0.999919 0.012711 13.877400 -0.000560 -0.012711 0.999919 -4.354200 0.000000 0.000000 0.000000 1.000000
1.000000 0.000345 -0.000495 0.000000 -0.000339 0.999934 0.011507 13.877400 0.000499 -0.011507 0.999934 -4.354200 0.000000 0.000000 0.000000 1.000000
0.999998 0.000004 -0.001826 0.000000 0.000014 0.999952 0.009836 13.877400 0.001826 -0.009836 0.999950 -4.354200 0.000000 0.000000 0.000000 1.000000
0.999996 -0.000435 -0.002950 0.000000 0.000461 0.999961 0.008818 13.877400 0.002946 -0.008820 0.999957 -4.354200 0.000000 0.000000 0.000000 1.000000
0.999993 -0.000661 -0.003661 0.000000 0.000692 0.999962 0.008659 13.877400 0.003655 -0.008661 0.999956 -4.354200 0.000000 0.000000 0.000000 1.000000</float_array><technique_common><accessor source="#swat_Neck-Matrix-animation-output-transform-array" count="36" stride="16"><param type="float4x4"/></accessor></technique_common></source><source id="swat_Neck-Interpolations"><Name_array id="swat_Neck-Interpolations-array" count="36">
 LINEAR LINEAR LINEAR LINEAR LINEAR LINEAR LINEAR LINEAR LINEAR LINEAR LINEAR
LINEAR LINEAR LINEAR LINEAR LINEAR LINEAR LINEAR LINEAR LINEAR LINEAR LINEAR LINEAR
LINEAR LINEAR LINEAR LINEAR LINEAR LINEAR LINEAR LINEAR LINEAR LINEAR LINEAR LINEAR
LINEAR</Name_array><technique_common><accessor source="#swat_Neck-Interpolations-array" count="36"><param type="name"/></accessor></technique_common></source><sampler id="swat_Neck-Matrix-animation-transform"><input semantic="INPUT" source="#swat_Neck-Matrix-animation-input"/><input semantic="OUTPUT" source="#swat_Neck-Matrix-animation-output-transform"/><input semantic="INTERPOLATION" source="#swat_Neck-Interpolations"/></sampler><channel source="#swat_Neck-Matrix-animation-transform" target="swat_Neck/matrix"/></animation>
    <animation id="swat_Neck1-anim" name="swat_Neck1"><source id="swat_Neck1-Matrix-animation-input"><float_array id="swat_Neck1-Matrix-animation-input-array" count="36">

0.000000 0.033333 0.066667 0.100000 0.133333 0.166667 0.200000 0.233333 0.266667 0.300000 0.333333 0.366667 0.400000 0.433333 0.466667 0.500000
0.533333 0.566667 0.600000 0.633333 0.666667 0.700000 0.733333 0.766667 0.800000 0.833333 0.866667 0.900000 0.933333 0.966667 1.000000 1.033333
1.066667 1.100000 1.133333 1.166667</float_array><technique_common><accessor source="#swat_Neck1-Matrix-animation-input-array" count="36"><param name="TIME" type="float"/></accessor></technique_common></source><source id="swat_Neck1-Matrix-animation-output-transform"><float_array id="swat_Neck1-Matrix-animation-output-transform-array" count="576">

0.999993 -0.000660 -0.003662 0.000000 0.000692 0.999962 0.008660 4.340000 0.003656 -0.008663 0.999956 0.926900 0.000000 0.000000 0.000000 1.000000
0.999991 -0.000452 -0.004278 0.000000 0.000490 0.999960 0.008959 4.340000 0.004274 -0.008961 0.999951 0.926900 0.000000 0.000000 0.000000 1.000000
0.999990 -0.000066 -0.004523 0.000000 0.000110 0.999953 0.009700 4.340000 0.004522 -0.009700 0.999943 0.926900 0.000000 0.000000 0.000000 1.000000
0.999988 0.000128 -0.004911 0.000000 -0.000077 0.999946 0.010433 4.340000 0.004912 -0.010433 0.999934 0.926900 0.000000 0.000000 0.000000 1.000000
0.999985 -0.000431 -0.005416 0.000000 0.000491 0.999938 0.011145 4.340000 0.005411 -0.011148 0.999923 0.926900 0.000000 0.000000 0.000000 1.000000
0.999980 -0.001092 -0.006212 -0.000000 0.001164 0.999931 0.011669 4.340000 0.006199 -0.011676 0.999913 0.926900 0.000000 0.000000 0.000000 1.000000
0.999974 -0.001731 -0.007057 -0.000000 0.001820 0.999919 0.012590 4.340000 0.007034 -0.012602 0.999896 0.926900 0.000000 0.000000 0.000000 1.000000
0.999970 -0.001828 -0.007564 0.000000 0.001930 0.999905 0.013625 4.340000 0.007538 -0.013639 0.999879 0.926900 0.000000 0.000000 0.000000 1.000000
0.999967 -0.001743 -0.007951 0.000000 0.001855 0.999899 0.014073 4.340000 0.007926 -0.014087 0.999869 0.926900 0.000000 0.000000 0.000000 1.000000
0.999965 -0.001598 -0.008169 0.000000 0.001714 0.999898 0.014185 4.340000 0.008145 -0.014199 0.999866 0.926900 0.000000 0.000000 0.000000 1.000000
0.999968 -0.001010 -0.007988 0.000000 0.001126 0.999892 0.014629 4.340000 0.007972 -0.014637 0.999861 0.926900 0.000000 0.000000 0.000000 1.000000
0.999973 -0.000193 -0.007365 0.000000 0.000303 0.999889 0.014902 4.340000 0.007361 -0.014904 0.999862 0.926900 0.000000 0.000000 0.000000 1.000000
0.999980 0.000881 -0.006196 -0.000000 -0.000794 0.999900 0.014124 4.340000 0.006208 -0.014118 0.999881 0.926900 0.000000 0.000000 0.000000 1.000000
0.999987 0.001920 -0.004811 -0.000000 -0.001859 0.999919 0.012597 4.340000 0.004835 -0.012588 0.999909 0.926900 0.000000 0.000000 0.000000 1.000000
0.999991 0.002197 -0.003664 0.000000 -0.002157 0.999936 0.011100 4.340000 0.003688 -0.011092 0.999932 0.926900 0.000000 0.000000 0.000000 1.000000
0.999994 0.002017 -0.002748 0.000000 -0.001989 0.999947 0.010112 4.340000 0.002768 -0.010106 0.999945 0.926900 0.000000 0.000000 0.000000 1.000000
0.999996 0.001837 -0.002036 0.000000 -0.001817 0.999949 0.009900 4.340000 0.002055 -0.009897 0.999949 0.926900 0.000000 0.000000 0.000000 1.000000
