<?xml version="1.0" encoding="utf-8"?>
<COLLADA xmlns="http://www.collada.org/2005/11/COLLADASchema" version="1.4.1">
  <asset><contributor><author>Mixamo</author><authoring_tool>COLLADA Mixamo exporter</authoring_tool><comments></comments></contributor><created>2018-12-20T19:11:34Z</created><modified>2018-12-20T19:11:34Z</modified><revision></revision><title></title><unit meter="0.010000"/><up_axis>Y_UP</up_axis></asset>
  <library_animations>
    <animation id="swat_Hips-anim" name="swat_Hips"><source id="swat_Hips-Matrix-animation-input"><float_array id="swat_Hips-Matrix-animation-input-array" count="281">

0.000000 0.033333 0.066667 0.100000 0.133333 0.166667 0.200000 0.233333 0.266667 0.300000 0.333333 0.366667 0.400000 0.433333 0.466667 0.500000
0.533333 0.566667 0.600000 0.633333 0.666667 0.700000 0.733333 0.766667 0.800000 0.833333 0.866667 0.900000 0.933333 0.966667 1.000000 1.033333
1.066667 1.100000 1.133333 1.166667 1.200000 1.233333 1.266667 1.300000 1.333333 1.366667 1.400000 1.433333 1.466667 1.500000 1.533333 1.566667
1.600000 1.633333 1.666667 1.700000 1.733333 1.766667 1.800000 1.833333 1.866667 1.900000 1.933333 1.966667 2.000000 2.033333 2.066667 2.100000
2.133333 2.166667 2.200000 2.233333 2.266667 2.300000 2.333333 2.366667 2.400000 2.433333 2.466667 2.500000 2.533333 2.566667 2.600000 2.633333
2.666667 2.700000 2.733333 2.766667 2.800000 2.833333 2.866667 2.900000 2.933333 2.966667 3.000000 3.033333 3.066667 3.100000 3.133333 3.166667
3.200000 3.233333 3.266667 3.300000 3.333333 3.366667 3.400000 3.433333 3.466667 3.500000 3.533333 3.566667 3.600000 3.633333 3.666667 3.700000
3.733333 3.766667 3.800000 3.833333 3.866667 3.900000 3.933333 3.966667 4.000000 4.033333 4.066667 4.100000 4.133333 4.166667 4.200000 4.233333
4.266667 4.300000 4.333333 4.366667 4.400000 4.433333 4.466667 4.500000 4.533333 4.566667 4.600000 4.633333 4.666667 4.700000 4.733333 4.766667
4.800000 4.833333 4.866667 4.900000 4.933333 4.966667 5.000000 5.033333 5.066667 5.100000 5.133333 5.166667 5.200000 5.233333 5.266667 5.300000
5.333333 5.366667 5.400000 5.433333 5.466667 5.500000 5.533333 5.566667 5.600000 5.633333 5.666667 5.700000 5.733333 5.766667 5.800000 5.833333
5.866667 5.900000 5.933333 5.966667 6.000000 6.033333 6.066667 6.100000 6.133333 6.166667 6.200000 6.233333 6.266667 6.300000 6.333333 6.366667
6.400000 6.433333 6.466667 6.500000 6.533333 6.566667 6.600000 6.633333 6.666667 6.700000 6.733333 6.766667 6.800000 6.833333 6.866667 6.900000
6.933333 6.966667 7.000000 7.033333 7.066667 7.100000 7.133333 7.166667 7.200000 7.233333 7.266667 7.300000 7.333333 7.366667 7.400000 7.433333
7.466667 7.500000 7.533333 7.566667 7.600000 7.633333 7.666667 7.700000 7.733333 7.766667 7.800000 7.833333 7.866667 7.900000 7.933333 7.966667
8.000000 8.033333 8.066667 8.100000 8.133333 8.166667 8.200000 8.233333 8.266667 8.300000 8.333333 8.366667 8.400000 8.433333 8.466667 8.500000
8.533333 8.566667 8.600000 8.633333 8.666667 8.700000 8.733333 8.766667 8.800000 8.833333 8.866667 8.900000 8.933333 8.966667 9.000000 9.033333
9.066667 9.100000 9.133333 9.166667 9.200000 9.233333 9.266667 9.300000 9.333333</float_array><technique_common><accessor source="#swat_Hips-Matrix-animation-input-array" count="281"><param name="TIME" type="float"/></accessor></technique_common></source><source id="swat_Hips-Matrix-animation-output-transform"><float_array id="swat_Hips-Matrix-animation-output-transform-array" count="4496">

0.992676 0.011703 -0.120237 0.118786 -0.022896 0.995483 -0.092133 90.120132 0.118616 0.094211 0.988461 0.037502 0.000000 0.000000 0.000000 1.000000
0.992275 0.012722 -0.123402 0.115913 -0.024002 0.995620 -0.090358 90.118080 0.121712 0.092622 0.988235 -0.193895 0.000000 0.000000 0.000000 1.000000
0.991837 0.014002 -0.126743 0.102116 -0.025037 0.995989 -0.085898 90.110733 0.125032 0.088370 0.988209 -0.445936 0.000000 0.000000 0.000000 1.000000
0.991383 0.015492 -0.130077 0.078206 -0.026003 0.996496 -0.079499 90.098320 0.128390 0.082196 0.988312 -0.715050 0.000000 0.000000 0.000000 1.000000
0.990949 0.017141 -0.133138 0.045004 -0.026904 0.997050 -0.071883 90.081024 0.131513 0.074814 0.988487 -0.997660 0.000000 0.000000 0.000000 1.000000
0.990633 0.018899 -0.135238 0.003327 -0.027742 0.997577 -0.063806 90.059135 0.133704 0.066960 0.988757 -1.290169 0.000000 0.000000 0.000000 1.000000
0.990606 0.020719 -0.135171 -0.046005 -0.028521 0.998021 -0.056044 90.032967 0.133742 0.059372 0.989236 -1.588957 0.000000 0.000000 0.000000 1.000000
0.991146 0.022558 -0.130845 -0.102168 -0.029244 0.998350 -0.049407 90.002922 0.129515 0.052796 0.990171 -1.890375 0.000000 0.000000 0.000000 1.000000
0.991905 0.024149 -0.124665 -0.165033 -0.029916 0.998557 -0.044597 89.969505 0.123408 0.047966 0.991196 -2.190911 0.000000 0.000000 0.000000 1.000000
0.992668 0.025218 -0.118211 -0.234428 -0.030550 0.998586 -0.043515 89.932335 0.116947 0.046808 0.992035 -2.482796 0.000000 0.000000 0.000000 1.000000
0.993365 0.026067 -0.112009 -0.308468 -0.031143 0.998555 -0.043803 89.893066 0.110706 0.047001 0.992741 -2.772912 0.000000 0.000000 0.000000 1.000000
0.993919 0.026722 -0.106818 -0.386118 -0.031694 0.998478 -0.045124 89.852425 0.105449 0.048235 0.993254 -3.061116 0.000000 0.000000 0.000000 1.000000
0.994278 0.027199 -0.103301 -0.466340 -0.032213 0.998367 -0.047184 89.810768 0.101849 0.050242 0.993530 -3.347202 0.000000 0.000000 0.000000 1.000000
0.994457 0.027469 -0.101494 -0.548212 -0.032708 0.998198 -0.050317 89.768379 0.099929 0.053358 0.993563 -3.628884 0.000000 0.000000 0.000000 1.000000
0.994573 0.027704 -0.100280 -0.630124 -0.033188 0.998020 -0.053434 89.725601 0.098601 0.056472 0.993523 -3.908730 0.000000 0.000000 0.000000 1.000000
0.994687 0.027899 -0.099092 -0.711136 -0.033658 0.997810 -0.056936 89.682922 0.097287 0.059969 0.993448 -4.184208 0.000000 0.000000 0.000000 1.000000
0.994800 0.027943 -0.097940 -0.790659 -0.034117 0.997497 -0.061936 89.640808 0.095964 0.064955 0.993263 -4.450524 0.000000 0.000000 0.000000 1.000000
0.994906 0.028017 -0.096837 -0.867135 -0.034570 0.997176 -0.066668 89.600197 0.094696 0.069676 0.993065 -4.712453 0.000000 0.000000 0.000000 1.000000
0.995005 0.028080 -0.095796 -0.938633 -0.035021 0.996821 -0.071567 89.561462 0.093482 0.074565 0.992825 -4.967420 0.000000 0.000000 0.000000 1.000000
0.995097 0.028117 -0.094827 -1.003964 -0.035476 0.996412 -0.076839 89.524811 0.092326 0.079826 0.992524 -5.213586 0.000000 0.000000 0.000000 1.000000
0.995181 0.028105 -0.093940 -1.063540 -0.035941 0.995918 -0.082795 89.497101 0.091230 0.085772 0.992129 -5.448800 0.000000 0.000000 0.000000 1.000000
0.995256 0.028081 -0.093149 -1.117701 -0.036429 0.995351 -0.089157 89.502594 0.090213 0.092127 0.991652 -5.673095 0.000000 0.000000 0.000000 1.000000
0.995319 0.028112 -0.092469 -1.166403 -0.036937 0.994778 -0.095149 89.523346 0.089311 0.098119 0.991159 -5.887711 0.000000 0.000000 0.000000 1.000000
0.995369 0.028155 -0.091908 -1.210024 -0.037469 0.994156 -0.101243 89.554588 0.088521 0.104218 0.990607 -6.089990 0.000000 0.000000 0.000000 1.000000
0.995406 0.028238 -0.091481 -1.248747 -0.038031 0.993516 -0.107142 89.595619 0.087862 0.110129 0.990026 -6.279803 0.000000 0.000000 0.000000 1.000000
0.995428 0.028393 -0.091201 -1.282724 -0.038632 0.992895 -0.112546 89.645752 0.087358 0.115554 0.989452 -6.456841 0.000000 0.000000 0.000000 1.000000
0.995387 0.028464 -0.091623 -1.312762 -0.039208 0.992277 -0.117682 89.704102 0.087565 0.120732 0.988816 -6.619246 0.000000 0.000000 0.000000 1.000000
0.995337 0.028511 -0.092144 -1.338907 -0.039699 0.991739 -0.121976 89.770096 0.087905 0.125065 0.988247 -6.767751 0.000000 0.000000 0.000000 1.000000
0.995223 0.028844 -0.093269 -1.348927 -0.040412 0.991381 -0.124619 89.843193 0.088870 0.127793 0.987811 -6.903640 0.000000 0.000000 0.000000 1.000000
0.994990 0.029341 -0.095575 -1.343871 -0.041386 0.991090 -0.126599 89.922119 0.091009 0.129920 0.987339 -7.022409 0.000000 0.000000 0.000000 1.000000
0.994664 0.029983 -0.098710 -1.335285 -0.042485 0.990980 -0.127099 90.006523 0.094008 0.130615 0.986966 -7.125645 0.000000 0.000000 0.000000 1.000000
0.994276 0.030700 -0.102332 -1.323511 -0.043668 0.990942 -0.126990 90.095345 0.097506 0.130732 0.986611 -7.209388 0.000000 0.000000 0.000000 1.000000
0.993876 0.031310 -0.105971 -1.308717 -0.044702 0.990964 -0.126462 90.187874 0.101054 0.130425 0.986295 -7.271997 0.000000 0.000000 0.000000 1.000000
0.993481 0.031955 -0.109430 -1.293267 -0.045630 0.991127 -0.124842 90.283600 0.104470 0.129021 0.986124 -7.314453 0.000000 0.000000 0.000000 1.000000
0.993020 0.032671 -0.113327 -1.279426 -0.046557 0.991421 -0.122134 90.381508 0.108364 0.126558 0.986022 -7.333145 0.000000 0.000000 0.000000 1.000000
0.992531 0.033267 -0.117370 -1.267204 -0.047310 0.991770 -0.118973 90.481102 0.112446 0.123638 0.985936 -7.289797 0.000000 0.000000 0.000000 1.000000
0.992058 0.033933 -0.121120 -1.255196 -0.048048 0.992134 -0.115591 90.580528 0.116245 0.120492 0.985885 -7.150957 0.000000 0.000000 0.000000 1.000000
0.991540 0.034816 -0.125044 -1.242393 -0.049001 0.992475 -0.112216 90.679398 0.120197 0.117394 0.985785 -6.931592 0.000000 0.000000 0.000000 1.000000
0.990977 0.036131 -0.129072 -1.227445 -0.050348 0.992805 -0.108643 90.777130 0.124218 0.114161 0.985666 -6.648346 0.000000 0.000000 0.000000 1.000000
0.990421 0.037373 -0.132923 -1.211366 -0.051553 0.993147 -0.104886 90.873329 0.128092 0.110733 0.985561 -6.318899 0.000000 0.000000 0.000000 1.000000
0.989854 0.038320 -0.136827 -1.194293 -0.052377 0.993541 -0.100662 90.967598 0.132086 0.106807 0.985467 -5.960864 0.000000 0.000000 0.000000 1.000000
0.989276 0.039020 -0.140747 -1.175419 -0.052893 0.993955 -0.096210 91.059204 0.136142 0.102622 0.985360 -5.590067 0.000000 0.000000 0.000000 1.000000
0.988657 0.039514 -0.144897 -1.153963 -0.053183 0.994365 -0.091707 91.147446 0.140457 0.098373 0.985188 -5.221957 0.000000 0.000000 0.000000 1.000000
0.988035 0.039765 -0.149014 -1.129431 -0.053152 0.994793 -0.086955 91.231689 0.144781 0.093835 0.985004 -4.872409 0.000000 0.000000 0.000000 1.000000
0.987656 0.039627 -0.151546 -1.101697 -0.052529 0.995238 -0.082105 91.311287 0.147571 0.089052 0.985034 -4.533852 0.000000 0.000000 0.000000 1.000000
0.987429 0.039101 -0.153148 -1.070577 -0.051391 0.995696 -0.077133 91.387451 0.149472 0.084033 0.985188 -4.057057 0.000000 0.000000 0.000000 1.000000
0.987330 0.038850 -0.153848 -1.033789 -0.050418 0.996129 -0.072013 91.462074 0.150455 0.078857 0.985467 -3.616342 0.000000 0.000000 0.000000 1.000000
0.987474 0.038608 -0.152984 -0.991133 -0.049299 0.996553 -0.066719 91.532738 0.149881 0.073426 0.985974 -3.140161 0.000000 0.000000 0.000000 1.000000
0.987926 0.038484 -0.150070 -0.941272 -0.048137 0.996962 -0.061228 91.597473 0.147257 0.067713 0.986778 -2.670334 0.000000 0.000000 0.000000 1.000000
0.988550 0.038006 -0.146027 -0.884770 -0.046523 0.997382 -0.055361 91.654037 0.143540 0.061521 0.987730 -2.238654 0.000000 0.000000 0.000000 1.000000
0.989155 0.037202 -0.142084 -0.820332 -0.044729 0.997740 -0.050151 91.699364 0.139897 0.055963 0.988583 -1.849111 0.000000 0.000000 0.000000 1.000000
0.989689 0.036459 -0.138515 -0.668285 -0.043100 0.998046 -0.045249 91.727539 0.136594 0.050753 0.989326 -1.501321 0.000000 0.000000 0.000000 1.000000
0.990276 0.035797 -0.134430 -0.489190 -0.041553 0.998325 -0.040263 91.731285 0.132763 0.045457 0.990105 -1.154772 0.000000 0.000000 0.000000 1.000000
0.990899 0.035348 -0.129883 -0.285947 -0.040314 0.998545 -0.035803 91.712059 0.128429 0.040713 0.990883 -0.817423 0.000000 0.000000 0.000000 1.000000
0.991481 0.035171 -0.125409 -0.062788 -0.039469 0.998710 -0.031952 91.677887 0.124124 0.036630 0.991590 -0.556976 0.000000 0.000000 0.000000 1.000000
0.992019 0.035063 -0.121115 0.176103 -0.038815 0.998832 -0.028758 91.631767 0.119965 0.033230 0.992222 -0.307599 0.000000 0.000000 0.000000 1.000000
0.992466 0.034903 -0.117441 0.426930 -0.038290 0.998910 -0.026704 91.575806 0.116381 0.031000 0.992721 -0.067212 0.000000 0.000000 0.000000 1.000000
0.992866 0.034679 -0.114078 0.686414 -0.037830 0.998957 -0.025577 91.504837 0.113072 0.029710 0.993143 0.155768 0.000000 0.000000 0.000000 1.000000
0.993258 0.034398 -0.110705 0.951228 -0.037374 0.998991 -0.024921 91.414154 0.109736 0.028890 0.993541 0.352352 0.000000 0.000000 0.000000 1.000000
0.993616 0.034067 -0.107552 1.218025 -0.036917 0.999015 -0.024624 91.311646 0.106608 0.028437 0.993894 0.516645 0.000000 0.000000 0.000000 1.000000
0.993939 0.033773 -0.104612 1.483722 -0.036517 0.999034 -0.024428 91.205261 0.103686 0.028100 0.994213 0.655532 0.000000 0.000000 0.000000 1.000000
0.994262 0.033535 -0.101578 1.745044 -0.036176 0.999051 -0.024267 91.102928 0.100667 0.027802 0.994532 0.773498 0.000000 0.000000 0.000000 1.000000
0.994585 0.033535 -0.098369 1.999261 -0.036099 0.999050 -0.024402 91.012398 0.097457 0.027821 0.994851 0.874784 0.000000 0.000000 0.000000 1.000000
0.994900 0.033865 -0.095011 2.243397 -0.036405 0.999021 -0.025132 90.929955 0.094067 0.028462 0.995159 0.963724 0.000000 0.000000 0.000000 1.000000
0.995189 0.034406 -0.091729 2.473793 -0.036959 0.998971 -0.026285 90.845520 0.090731 0.029549 0.995437 1.043078 0.000000 0.000000 0.000000 1.000000
0.995480 0.035050 -0.088263 2.686789 -0.037606 0.998915 -0.027467 90.759537 0.087204 0.030662 0.995718 1.114811 0.000000 0.000000 0.000000 1.000000
0.995747 0.035959 -0.084821 2.879608 -0.038547 0.998834 -0.029073 90.672401 0.083676 0.032219 0.995972 1.183603 0.000000 0.000000 0.000000 1.000000
0.995959 0.037072 -0.081798 3.048751 -0.039733 0.998725 -0.031140 90.584572 0.080539 0.034265 0.996162 1.205561 0.000000 0.000000 0.000000 1.000000
0.996116 0.038354 -0.079263 3.190807 -0.041120 0.998590 -0.033559 90.496429 0.077864 0.036688 0.996289 1.170463 0.000000 0.000000 0.000000 1.000000
0.996255 0.039710 -0.076802 3.302143 -0.042623 0.998418 -0.036669 90.408356 0.075225 0.039806 0.996372 1.050243 0.000000 0.000000 0.000000 1.000000
0.996409 0.040941 -0.074116 3.383454 -0.044028 0.998209 -0.040509 90.320808 0.072325 0.043627 0.996427 0.865974 0.000000 0.000000 0.000000 1.000000
0.996575 0.041891 -0.071293 3.460135 -0.045160 0.997971 -0.044875 90.234200 0.069268 0.047941 0.996445 0.655133 0.000000 0.000000 0.000000 1.000000
0.996767 0.042388 -0.068250 3.535183 -0.045857 0.997692 -0.050087 90.148918 0.065969 0.053055 0.996410 0.422911 0.000000 0.000000 0.000000 1.000000
0.997000 0.042499 -0.064694 3.607764 -0.046099 0.997410 -0.055211 90.065567 0.062181 0.058027 0.996377 0.170408 0.000000 0.000000 0.000000 1.000000
0.997220 0.042332 -0.061320 3.677170 -0.046070 0.997081 -0.060889 89.984535 0.058564 0.063545 0.996259 -0.095981 0.000000 0.000000 0.000000 1.000000
0.997470 0.041949 -0.057400 3.742544 -0.045772 0.996704 -0.066984 89.906197 0.054401 0.069442 0.996102 -0.372596 0.000000 0.000000 0.000000 1.000000
0.997670 0.041451 -0.054195 3.803143 -0.045338 0.996332 -0.072576 89.831146 0.050988 0.074864 0.995889 -0.658112 0.000000 0.000000 0.000000 1.000000
0.997806 0.040784 -0.052148 3.857763 -0.044781 0.995953 -0.077929 89.759941 0.048759 0.080094 0.995594 -0.947464 0.000000 0.000000 0.000000 1.000000
0.997920 0.039893 -0.050629 3.905144 -0.044007 0.995584 -0.082920 89.693008 0.047098 0.084976 0.995269 -1.236963 0.000000 0.000000 0.000000 1.000000
0.998014 0.038987 -0.049484 3.944909 -0.043208 0.995244 -0.087308 89.630898 0.045845 0.089273 0.994952 -1.523220 0.000000 0.000000 0.000000 1.000000
0.998084 0.037761 -0.049021 3.975008 -0.042133 0.994917 -0.091460 89.573997 0.045318 0.093350 0.994601 -1.800875 0.000000 0.000000 0.000000 1.000000
0.998120 0.036497 -0.049238 3.995299 -0.041046 0.994652 -0.094779 89.522903 0.045516 0.096622 0.994280 -2.067697 0.000000 0.000000 0.000000 1.000000
0.998190 0.032661 -0.050495 3.996404 -0.037463 0.994550 -0.097294 89.478271 0.047042 0.099010 0.993974 -2.318723 0.000000 0.000000 0.000000 1.000000
0.998349 0.024451 -0.051984 3.971358 -0.029550 0.994577 -0.099716 89.440659 0.049264 0.101088 0.993657 -2.550387 0.000000 0.000000 0.000000 1.000000
0.998443 0.015210 -0.053676 3.930075 -0.020637 0.994566 -0.102042 89.409843 0.051832 0.102991 0.993331 -2.756761 0.000000 0.000000 0.000000 1.000000
0.998404 0.010228 -0.055548 3.888835 -0.015988 0.994421 -0.104269 89.385941 0.054171 0.104991 0.992997 -2.933259 0.000000 0.000000 0.000000 1.000000
0.998316 0.007203 -0.057562 3.839035 -0.013308 0.994235 -0.106396 89.369743 0.056464 0.106982 0.992656 -3.075270 0.000000 0.000000 0.000000 1.000000
0.998200 0.005838 -0.059686 3.769282 -0.012297 0.994029 -0.108421 89.401192 0.058697 0.108960 0.992312 -3.178369 0.000000 0.000000 0.000000 1.000000
0.998071 0.005020 -0.061882 3.624825 -0.011841 0.993823 -0.110344 89.456619 0.060946 0.110863 0.991965 -3.221804 0.000000 0.000000 0.000000 1.000000
0.997931 0.004731 -0.064114 3.409826 -0.011917 0.993618 -0.112163 89.530052 0.063175 0.112695 0.991619 -3.138741 0.000000 0.000000 0.000000 1.000000
0.997786 0.004633 -0.066350 3.137336 -0.012186 0.993420 -0.113876 89.629425 0.065386 0.114433 0.991277 -2.971181 0.000000 0.000000 0.000000 1.000000
0.997620 0.004873 -0.068781 2.821981 -0.012814 0.993227 -0.115483 89.758560 0.067752 0.116090 0.990925 -2.768198 0.000000 0.000000 0.000000 1.000000
0.997474 0.005536 -0.070817 2.478251 -0.013817 0.993038 -0.116982 89.893867 0.069676 0.117665 0.990606 -2.549255 0.000000 0.000000 0.000000 1.000000
0.997343 0.006217 -0.072580 2.119442 -0.014804 0.992859 -0.118371 90.031265 0.071326 0.119131 0.990313 -2.313748 0.000000 0.000000 0.000000 1.000000
0.997235 0.006851 -0.073993 1.759927 -0.015697 0.992692 -0.119648 90.170914 0.072633 0.120479 0.990055 -2.062547 0.000000 0.000000 0.000000 1.000000
0.997151 0.007760 -0.075029 1.414947 -0.016815 0.992533 -0.120813 90.303703 0.073531 0.121731 0.989836 -1.799612 0.000000 0.000000 0.000000 1.000000
0.997091 0.009045 -0.075682 1.099012 -0.018252 0.992379 -0.121864 90.422668 0.074003 0.122891 0.989657 -1.525824 0.000000 0.000000 0.000000 1.000000
0.997047 0.010477 -0.076076 0.825440 -0.019766 0.992285 -0.122394 90.542496 0.074206 0.123536 0.989562 -1.242152 0.000000 0.000000 0.000000 1.000000
0.997019 0.012246 -0.076173 0.608976 -0.021530 0.992261 -0.122291 90.660446 0.074086 0.123567 0.989567 -0.949505 0.000000 0.000000 0.000000 1.000000
0.997000 0.013875 -0.076146 0.452897 -0.023134 0.992249 -0.122094 90.774178 0.073861 0.123489 0.989593 -0.648778 0.000000 0.000000 0.000000 1.000000
0.997008 0.015278 -0.075772 0.310652 -0.024441 0.992289 -0.121513 90.875381 0.073331 0.123002 0.989693 -0.341822 0.000000 0.000000 0.000000 1.000000
0.997063 0.016305 -0.074827 0.174240 -0.025250 0.992429 -0.120194 90.968109 0.072301 0.121730 0.989926 -0.033019 0.000000 0.000000 0.000000 1.000000
0.997132 0.017172 -0.073712 0.045642 -0.025858 0.992612 -0.118541 91.046257 0.071132 0.120107 0.990209 0.279641 0.000000 0.000000 0.000000 1.000000
0.997209 0.017943 -0.072477 -0.073816 -0.026344 0.992821 -0.116668 91.123558 0.069863 0.118252 0.990523 0.594869 0.000000 0.000000 0.000000 1.000000
0.997294 0.018617 -0.071126 -0.182859 -0.026710 0.993054 -0.114587 91.185448 0.068498 0.116177 0.990864 0.912609 0.000000 0.000000 0.000000 1.000000
0.997386 0.019172 -0.069665 -0.280535 -0.026939 0.993308 -0.112308 91.252922 0.067046 0.113891 0.991228 1.230786 0.000000 0.000000 0.000000 1.000000
0.997485 0.019625 -0.068100 -0.365731 -0.027047 0.993581 -0.109841 91.307526 0.065507 0.111406 0.991614 1.546657 0.000000 0.000000 0.000000 1.000000
0.997591 0.019960 -0.066429 -0.437498 -0.027025 0.993870 -0.107204 91.372108 0.063882 0.108741 0.992015 1.858294 0.000000 0.000000 0.000000 1.000000
0.997705 0.020206 -0.064630 -0.493985 -0.026900 0.994167 -0.104446 91.432327 0.062143 0.105945 0.992428 2.166425 0.000000 0.000000 0.000000 1.000000
0.997821 0.020405 -0.062746 -0.533246 -0.026727 0.994464 -0.101619 91.476387 0.060325 0.103074 0.992843 2.468525 0.000000 0.000000 0.000000 1.000000
0.997936 0.020582 -0.060830 -0.553423 -0.026537 0.994756 -0.098777 91.519028 0.058478 0.100187 0.993249 2.764095 0.000000 0.000000 0.000000 1.000000
0.998047 0.020757 -0.058912 -0.552588 -0.026359 0.995035 -0.095974 91.558434 0.056628 0.097339 0.993639 3.053331 0.000000 0.000000 0.000000 1.000000
0.998157 0.020968 -0.056950 -0.528441 -0.026229 0.995296 -0.093264 91.581802 0.054726 0.094586 0.994011 3.334817 0.000000 0.000000 0.000000 1.000000
0.998263 0.021272 -0.054948 -0.478637 -0.026206 0.995533 -0.090702 91.573303 0.052773 0.091984 0.994361 3.607484 0.000000 0.000000 0.000000 1.000000
0.998368 0.021647 -0.052845 -0.402387 -0.026266 0.995744 -0.088342 91.557648 0.050707 0.089586 0.994687 3.868370 0.000000 0.000000 0.000000 1.000000
0.998467 0.022025 -0.050784 -0.299134 -0.026353 0.995931 -0.086186 91.531654 0.048679 0.087392 0.994984 4.107564 0.000000 0.000000 0.000000 1.000000
0.998554 0.022472 -0.048827 -0.167227 -0.026536 0.996092 -0.084240 91.481216 0.046743 0.085414 0.995248 4.325912 0.000000 0.000000 0.000000 1.000000
0.998625 0.023027 -0.047099 -0.001462 -0.026865 0.996223 -0.082565 91.391586 0.045020 0.083717 0.995472 4.409958 0.000000 0.000000 0.000000 1.000000
0.998676 0.023592 -0.045710 0.217916 -0.027254 0.996323 -0.081223 91.243652 0.043626 0.082361 0.995647 4.432518 0.000000 0.000000 0.000000 1.000000
0.998712 0.024155 -0.044628 0.488966 -0.027686 0.996388 -0.080275 91.044250 0.042527 0.081407 0.995773 4.379852 0.000000 0.000000 0.000000 1.000000
0.998733 0.024711 -0.043843 0.805778 -0.028156 0.996414 -0.079784 90.825462 0.041714 0.080917 0.995848 4.262415 0.000000 0.000000 0.000000 1.000000
0.998736 0.025295 -0.043426 1.162629 -0.028705 0.996397 -0.079801 90.616943 0.041251 0.080947 0.995864 4.106922 0.000000 0.000000 0.000000 1.000000
0.998724 0.025942 -0.043340 1.554031 -0.029368 0.996331 -0.080385 90.426445 0.041096 0.081555 0.995821 3.923562 0.000000 0.000000 0.000000 1.000000
0.998696 0.026658 -0.043537 1.974435 -0.030144 0.996219 -0.081486 90.253395 0.041200 0.082692 0.995723 3.735879 0.000000 0.000000 0.000000 1.000000
0.998660 0.027439 -0.043882 2.418281 -0.031016 0.996064 -0.083038 90.097000 0.041431 0.084287 0.995580 3.527622 0.000000 0.000000 0.000000 1.000000
0.998619 0.028248 -0.044299 2.879933 -0.031940 0.995871 -0.084973 89.956490 0.041716 0.086270 0.995398 3.343086 0.000000 0.000000 0.000000 1.000000
0.998575 0.029072 -0.044763 3.353799 -0.032897 0.995645 -0.087224 89.831039 0.042033 0.088572 0.995183 3.147506 0.000000 0.000000 0.000000 1.000000
0.998527 0.029915 -0.045275 3.834354 -0.033889 0.995390 -0.089723 89.720123 0.042382 0.091125 0.994937 2.934516 0.000000 0.000000 0.000000 1.000000
0.998482 0.030667 -0.045743 4.315726 -0.034799 0.995110 -0.092437 89.623047 0.042685 0.093889 0.994667 2.680038 0.000000 0.000000 0.000000 1.000000
0.998448 0.031292 -0.046060 4.792269 -0.035576 0.994809 -0.095337 89.539131 0.042838 0.096827 0.994379 2.432536 0.000000 0.000000 0.000000 1.000000
0.998429 0.031735 -0.046184 5.258289 -0.036159 0.994494 -0.098354 89.467819 0.042808 0.099870 0.994079 2.179921 0.000000 0.000000 0.000000 1.000000
0.998421 0.032086 -0.046118 5.708574 -0.036634 0.994168 -0.101426 89.408371 0.042594 0.102956 0.993774 1.913705 0.000000 0.000000 0.000000 1.000000
0.998421 0.032423 -0.045868 6.137876 -0.037075 0.993835 -0.104488 89.359863 0.042198 0.106024 0.993468 1.664551 0.000000 0.000000 0.000000 1.000000
0.998430 0.032687 -0.045490 6.540481 -0.037423 0.993502 -0.107482 89.321602 0.041681 0.109016 0.993166 1.423288 0.000000 0.000000 0.000000 1.000000
0.998439 0.032884 -0.045154 6.910877 -0.037702 0.993174 -0.110385 89.292900 0.041216 0.111915 0.992863 1.138219 0.000000 0.000000 0.000000 1.000000
0.998441 0.033118 -0.044923 7.243915 -0.038023 0.992852 -0.113133 89.273003 0.040855 0.114665 0.992564 0.863477 0.000000 0.000000 0.000000 1.000000
0.998443 0.033310 -0.044739 7.533813 -0.038296 0.992551 -0.115656 89.261185 0.040553 0.117190 0.992281 0.635336 0.000000 0.000000 0.000000 1.000000
0.998440 0.033470 -0.044694 7.775073 -0.038540 0.992279 -0.117884 89.256844 0.040403 0.119422 0.992021 0.416263 0.000000 0.000000 0.000000 1.000000
0.998432 0.033648 -0.044741 7.962312 -0.038799 0.992047 -0.119736 89.271744 0.040357 0.121284 0.991797 0.199246 0.000000 0.000000 0.000000 1.000000
0.998412 0.033880 -0.044998 8.090140 -0.039118 0.991864 -0.121140 89.318497 0.040527 0.122708 0.991615 0.014450 0.000000 0.000000 0.000000 1.000000
0.998380 0.034143 -0.045522 8.160129 -0.039480 0.991742 -0.122019 89.393562 0.040980 0.123619 0.991483 -0.131173 0.000000 0.000000 0.000000 1.000000
0.998325 0.034470 -0.046465 8.212251 -0.039936 0.991682 -0.122358 89.493851 0.041861 0.124008 0.991398 -0.230686 0.000000 0.000000 0.000000 1.000000
0.998242 0.034911 -0.047900 8.254128 -0.040543 0.991683 -0.122152 89.613808 0.043237 0.123879 0.991355 -0.268580 0.000000 0.000000 0.000000 1.000000
0.998116 0.035504 -0.050039 8.286397 -0.041365 0.991738 -0.121428 89.751831 0.045315 0.123269 0.991338 -0.273916 0.000000 0.000000 0.000000 1.000000
0.997928 0.036252 -0.053154 8.309598 -0.042431 0.991848 -0.120158 89.903831 0.048364 0.122165 0.991331 -0.268270 0.000000 0.000000 0.000000 1.000000
0.997704 0.037047 -0.056688 8.323904 -0.043569 0.991994 -0.118528 90.066010 0.051843 0.120726 0.991331 -0.227394 0.000000 0.000000 0.000000 1.000000
0.997446 0.037872 -0.060551 8.329754 -0.044751 0.992167 -0.116630 90.234871 0.055659 0.119041 0.991328 -0.183258 0.000000 0.000000 0.000000 1.000000
0.997157 0.038701 -0.064655 8.327566 -0.045939 0.992361 -0.114494 90.406715 0.059731 0.117139 0.991318 -0.115990 0.000000 0.000000 0.000000 1.000000
0.996844 0.039501 -0.068855 8.317741 -0.047076 0.992581 -0.112101 90.577774 0.063916 0.114989 0.991308 0.002004 0.000000 0.000000 0.000000 1.000000
0.996508 0.040270 -0.073141 8.300772 -0.048159 0.992819 -0.109504 90.744507 0.068206 0.112644 0.991292 0.158540 0.000000 0.000000 0.000000 1.000000
0.996163 0.040929 -0.077351 8.276904 -0.049097 0.993063 -0.106839 90.903282 0.072442 0.110227 0.991263 0.319765 0.000000 0.000000 0.000000 1.000000
0.995828 0.041453 -0.081286 8.246565 -0.049846 0.993317 -0.104102 91.052605 0.076428 0.107720 0.991239 0.491357 0.000000 0.000000 0.000000 1.000000
0.995514 0.041836 -0.084862 8.210218 -0.050387 0.993582 -0.101271 91.193642 0.080081 0.105093 0.991233 0.705428 0.000000 0.000000 0.000000 1.000000
0.995226 0.042068 -0.088070 8.168375 -0.050722 0.993849 -0.098443 91.325661 0.083387 0.102440 0.991238 0.883511 0.000000 0.000000 0.000000 1.000000
0.994965 0.042158 -0.090920 8.121557 -0.050865 0.994112 -0.095681 91.447578 0.086351 0.099824 0.991251 1.023458 0.000000 0.000000 0.000000 1.000000
0.994782 0.041797 -0.093069 8.069250 -0.050393 0.994481 -0.092018 91.558640 0.088710 0.096228 0.991398 1.145563 0.000000 0.000000 0.000000 1.000000
0.994641 0.041442 -0.094719 8.013496 -0.049840 0.994865 -0.088086 91.657562 0.090582 0.092335 0.991599 1.252588 0.000000 0.000000 0.000000 1.000000
0.994504 0.041114 -0.096285 7.954870 -0.049215 0.995305 -0.083336 91.743423 0.092406 0.087617 0.991859 1.343231 0.000000 0.000000 0.000000 1.000000
0.994476 0.040986 -0.096627 7.894454 -0.048648 0.995741 -0.078317 91.815033 0.093005 0.082585 0.992235 1.419614 0.000000 0.000000 0.000000 1.000000
0.994518 0.041149 -0.096129 7.833051 -0.048232 0.996197 -0.072561 91.871475 0.092777 0.076800 0.992721 1.480712 0.000000 0.000000 0.000000 1.000000
0.994605 0.041454 -0.095095 7.770698 -0.047855 0.996668 -0.066052 91.911606 0.092040 0.070247 0.993274 1.524440 0.000000 0.000000 0.000000 1.000000
0.994711 0.041852 -0.093805 7.707732 -0.047542 0.997110 -0.059266 91.934410 0.091054 0.063412 0.993825 1.539597 0.000000 0.000000 0.000000 1.000000
0.994825 0.042350 -0.092360 7.644727 -0.047324 0.997507 -0.052343 91.938766 0.089913 0.056443 0.994349 1.529902 0.000000 0.000000 0.000000 1.000000
0.994961 0.042910 -0.090614 7.582044 -0.047201 0.997837 -0.045747 91.923599 0.088455 0.049793 0.994835 1.502925 0.000000 0.000000 0.000000 1.000000
0.995111 0.043449 -0.088693 7.519927 -0.047125 0.998097 -0.039775 91.887970 0.086796 0.043760 0.995265 1.436918 0.000000 0.000000 0.000000 1.000000
0.995244 0.043843 -0.086992 7.458464 -0.047014 0.998290 -0.034741 91.830925 0.085320 0.038666 0.995603 1.323272 0.000000 0.000000 0.000000 1.000000
0.995337 0.043983 -0.085848 7.397853 -0.046782 0.998428 -0.030874 91.736122 0.084355 0.034746 0.995830 1.211664 0.000000 0.000000 0.000000 1.000000
0.995396 0.043893 -0.085207 7.338692 -0.046473 0.998512 -0.028535 91.593933 0.083828 0.032363 0.995955 1.058187 0.000000 0.000000 0.000000 1.000000
0.995439 0.043542 -0.084881 7.281390 -0.046046 0.998553 -0.027770 91.413567 0.083549 0.031551 0.996004 0.882506 0.000000 0.000000 0.000000 1.000000
0.995465 0.043009 -0.084857 7.197154 -0.045583 0.998550 -0.028639 91.204323 0.083502 0.032378 0.995981 0.684097 0.000000 0.000000 0.000000 1.000000
0.995483 0.042394 -0.084953 7.092072 -0.045167 0.998499 -0.030986 90.975250 0.083512 0.034683 0.995903 0.444447 0.000000 0.000000 0.000000 1.000000
0.995457 0.041735 -0.085578 6.941023 -0.044830 0.998396 -0.034574 90.735573 0.083998 0.038253 0.995731 0.165525 0.000000 0.000000 0.000000 1.000000
0.995361 0.041075 -0.087007 6.747901 -0.044614 0.998238 -0.039127 90.494247 0.085247 0.042827 0.995439 -0.131139 0.000000 0.000000 0.000000 1.000000
0.995221 0.040380 -0.088910 6.521371 -0.044459 0.998025 -0.044388 90.260193 0.086942 0.048129 0.995050 -0.415873 0.000000 0.000000 0.000000 1.000000
0.995071 0.039612 -0.090913 6.268186 -0.044295 0.997762 -0.050083 90.042267 0.088725 0.053863 0.994599 -0.676599 0.000000 0.000000 0.000000 1.000000
0.994938 0.038732 -0.092722 6.001075 -0.044047 0.997460 -0.055975 89.849335 0.090318 0.059776 0.994117 -0.901379 0.000000 0.000000 0.000000 1.000000
0.994844 0.037756 -0.094131 5.722146 -0.043716 0.997114 -0.062073 89.686478 0.091516 0.065868 0.993623 -1.117310 0.000000 0.000000 0.000000 1.000000
0.994791 0.036616 -0.095134 5.433253 -0.043207 0.996738 -0.068170 89.536438 0.092327 0.071925 0.993128 -1.344507 0.000000 0.000000 0.000000 1.000000
0.994766 0.035302 -0.095889 5.136464 -0.042490 0.996354 -0.073987 89.396500 0.092927 0.077674 0.992639 -1.573047 0.000000 0.000000 0.000000 1.000000
0.994758 0.033840 -0.096494 4.833927 -0.041585 0.995973 -0.079424 89.267426 0.093417 0.083020 0.992160 -1.847927 0.000000 0.000000 0.000000 1.000000
0.994781 0.032240 -0.096801 4.527746 -0.040458 0.995629 -0.084179 89.149849 0.093664 0.087656 0.991738 -2.101507 0.000000 0.000000 0.000000 1.000000
0.994824 0.030491 -0.096935 4.219970 -0.039088 0.995348 -0.088060 89.044624 0.093799 0.091393 0.991387 -2.376102 0.000000 0.000000 0.000000 1.000000
0.994909 0.028588 -0.096636 3.912618 -0.037412 0.995168 -0.090778 88.952148 0.093574 0.093931 0.991171 -2.588073 0.000000 0.000000 0.000000 1.000000
0.995084 0.026291 -0.095481 3.607008 -0.035211 0.995046 -0.092973 88.875183 0.092564 0.095878 0.991080 -2.721875 0.000000 0.000000 0.000000 1.000000
0.995314 0.023554 -0.093779 3.304986 -0.032473 0.994972 -0.094744 88.825264 0.091076 0.097345 0.991075 -2.825865 0.000000 0.000000 0.000000 1.000000
0.995569 0.020459 -0.091781 3.009513 -0.029318 0.994926 -0.096242 88.794983 0.089346 0.098506 0.991117 -2.898029 0.000000 0.000000 0.000000 1.000000
0.995833 0.017144 -0.089574 2.723719 -0.025895 0.994901 -0.097476 88.774559 0.087446 0.099389 0.991199 -2.935864 0.000000 0.000000 0.000000 1.000000
0.996084 0.013738 -0.087342 2.449926 -0.022354 0.994890 -0.098455 88.800964 0.085543 0.100022 0.991301 -2.941532 0.000000 0.000000 0.000000 1.000000
0.996310 0.010309 -0.085208 2.190278 -0.018778 0.994891 -0.099190 88.861000 0.083750 0.100424 0.991414 -2.916207 0.000000 0.000000 0.000000 1.000000
0.996516 0.006895 -0.083113 1.946884 -0.015198 0.994902 -0.099690 88.937752 0.082002 0.100606 0.991541 -2.859446 0.000000 0.000000 0.000000 1.000000
0.996717 0.003427 -0.080897 1.721444 -0.011535 0.994923 -0.099972 89.029465 0.080143 0.100577 0.991696 -2.766246 0.000000 0.000000 0.000000 1.000000
0.996894 -0.000071 -0.078754 1.515917 -0.007832 0.994953 -0.100041 89.135086 0.078363 0.100347 0.991862 -2.640909 0.000000 0.000000 0.000000 1.000000
0.997051 -0.003506 -0.076663 1.332455 -0.004184 0.994986 -0.099928 89.253830 0.076629 0.099954 0.992037 -2.491240 0.000000 0.000000 0.000000 1.000000
0.997141 -0.006682 -0.075268 1.173548 -0.000850 0.995028 -0.099590 89.384544 0.075559 0.099369 0.992178 -2.321319 0.000000 0.000000 0.000000 1.000000
0.997131 -0.009318 -0.075118 1.041824 0.001838 0.995082 -0.099038 89.542801 0.075671 0.098615 0.992244 -2.134066 0.000000 0.000000 0.000000 1.000000
0.997087 -0.011419 -0.075413 0.944122 0.003961 0.995148 -0.098309 89.721390 0.076169 0.097724 0.992294 -1.934102 0.000000 0.000000 0.000000 1.000000
0.997024 -0.013100 -0.075970 0.883244 0.005660 0.995236 -0.097329 89.917625 0.076883 0.096609 0.992349 -1.725982 0.000000 0.000000 0.000000 1.000000
0.996947 -0.014287 -0.076758 0.855740 0.006872 0.995356 -0.096012 90.128906 0.077773 0.095191 0.992416 -1.514375 0.000000 0.000000 0.000000 1.000000
0.996860 -0.015037 -0.077740 0.858140 0.007668 0.995521 -0.094229 90.351357 0.078808 0.093337 0.992511 -1.303972 0.000000 0.000000 0.000000 1.000000
0.996752 -0.015379 -0.079048 0.887202 0.008066 0.995726 -0.092006 90.580978 0.080125 0.091069 0.992616 -1.097048 0.000000 0.000000 0.000000 1.000000
0.996613 -0.015345 -0.080795 0.939760 0.008086 0.995962 -0.089416 90.813393 0.081841 0.088460 0.992712 -0.878925 0.000000 0.000000 0.000000 1.000000
0.996460 -0.014969 -0.082727 1.012727 0.007782 0.996218 -0.086536 91.044052 0.083709 0.085586 0.992808 -0.621312 0.000000 0.000000 0.000000 1.000000
0.996308 -0.014250 -0.084659 1.103154 0.007166 0.996490 -0.083404 91.268547 0.085551 0.082489 0.992913 -0.381153 0.000000 0.000000 0.000000 1.000000
0.996160 -0.013182 -0.086554 1.208308 0.006231 0.996768 -0.080092 91.481606 0.087330 0.079245 0.993023 -0.092883 0.000000 0.000000 0.000000 1.000000
0.996013 -0.011814 -0.088420 1.325206 0.005016 0.997041 -0.076713 91.678909 0.089065 0.075964 0.993125 0.185281 0.000000 0.000000 0.000000 1.000000
0.995876 -0.010112 -0.090161 1.451217 0.003487 0.997301 -0.073339 91.855370 0.090659 0.072722 0.993223 0.466174 0.000000 0.000000 0.000000 1.000000
0.995769 -0.008191 -0.091529 1.582130 0.001755 0.997533 -0.070174 92.009430 0.091878 0.069717 0.993327 0.737535 0.000000 0.000000 0.000000 1.000000
0.995727 -0.006215 -0.092135 1.713174 0.000007 0.997738 -0.067219 92.140633 0.092344 0.066931 0.993475 0.959974 0.000000 0.000000 0.000000 1.000000
0.995705 -0.004260 -0.092480 1.858525 -0.001727 0.997912 -0.064565 92.245056 0.092561 0.064447 0.993619 1.199526 0.000000 0.000000 0.000000 1.000000
0.995707 -0.002055 -0.092536 2.032844 -0.003745 0.998041 -0.062455 92.319138 0.092484 0.062533 0.993749 1.464580 0.000000 0.000000 0.000000 1.000000
0.995731 0.000442 -0.092303 2.231857 -0.006106 0.998114 -0.061087 92.359840 0.092102 0.061390 0.993855 1.660002 0.000000 0.000000 0.000000 1.000000
0.995751 0.002712 -0.092043 2.449444 -0.008285 0.998151 -0.060224 92.363533 0.091709 0.060731 0.993932 1.814922 0.000000 0.000000 0.000000 1.000000
0.995771 0.004525 -0.091753 2.680477 -0.010026 0.998173 -0.059577 92.327957 0.091316 0.060245 0.993998 1.964538 0.000000 0.000000 0.000000 1.000000
0.995796 0.005528 -0.091435 2.919313 -0.010958 0.998198 -0.058996 92.256859 0.090944 0.059750 0.994062 2.105590 0.000000 0.000000 0.000000 1.000000
0.995827 0.005587 -0.091087 3.161075 -0.010984 0.998206 -0.058864 92.154312 0.090595 0.059619 0.994102 2.235087 0.000000 0.000000 0.000000 1.000000
0.995867 0.004530 -0.090709 3.400769 -0.009922 0.998204 -0.059085 92.024567 0.090279 0.059741 0.994123 2.349642 0.000000 0.000000 0.000000 1.000000
0.995910 0.002839 -0.090303 3.635626 -0.008236 0.998198 -0.059442 91.871864 0.089971 0.059942 0.994139 2.446115 0.000000 0.000000 0.000000 1.000000
0.995954 0.000604 -0.089867 3.861566 -0.006003 0.998191 -0.059819 91.700302 0.089668 0.060116 0.994156 2.522458 0.000000 0.000000 0.000000 1.000000
0.995994 -0.001716 -0.089403 4.075765 -0.003688 0.998177 -0.060244 91.513977 0.089343 0.060332 0.994172 2.573160 0.000000 0.000000 0.000000 1.000000
0.996032 -0.003796 -0.088910 4.274963 -0.001618 0.998152 -0.060746 91.316994 0.088977 0.060649 0.994186 2.592830 0.000000 0.000000 0.000000 1.000000
0.996092 -0.005619 -0.088148 4.454887 0.000201 0.998116 -0.061354 91.113304 0.088327 0.061097 0.994216 2.582488 0.000000 0.000000 0.000000 1.000000
0.996211 -0.006831 -0.086705 4.612360 0.001439 0.998069 -0.062097 90.906937 0.086961 0.061736 0.994297 2.540616 0.000000 0.000000 0.000000 1.000000
0.996406 -0.007678 -0.084359 4.742231 0.002357 0.998011 -0.063001 90.701851 0.084675 0.062576 0.994442 2.472471 0.000000 0.000000 0.000000 1.000000
0.996786 -0.008174 -0.079698 4.840148 0.003058 0.997939 -0.064098 90.501953 0.080057 0.063648 0.994756 2.384978 0.000000 0.000000 0.000000 1.000000
0.997329 -0.008344 -0.072555 4.917207 0.003583 0.997846 -0.065503 90.311127 0.072946 0.065068 0.995211 2.284972 0.000000 0.000000 0.000000 1.000000
0.997836 -0.008388 -0.065214 4.986839 0.003971 0.997708 -0.067557 90.133118 0.065631 0.067152 0.995582 2.176060 0.000000 0.000000 0.000000 1.000000
0.998242 -0.008384 -0.058671 5.048978 0.004265 0.997539 -0.069980 89.971886 0.059113 0.069606 0.995822 2.065221 0.000000 0.000000 0.000000 1.000000
0.998494 -0.008433 -0.054209 5.103415 0.004508 0.997385 -0.072128 89.831459 0.054676 0.071775 0.995921 1.955054 0.000000 0.000000 0.000000 1.000000
0.998594 -0.008644 -0.052293 5.149865 0.004741 0.997223 -0.074316 89.725700 0.052790 0.073964 0.995863 1.828193 0.000000 0.000000 0.000000 1.000000
0.998598 -0.008685 -0.052224 5.189842 0.004673 0.997062 -0.076456 89.608849 0.052735 0.076105 0.995704 1.718073 0.000000 0.000000 0.000000 1.000000
0.998493 -0.008598 -0.054196 5.223207 0.004328 0.996911 -0.078417 89.513298 0.054703 0.078065 0.995446 1.609112 0.000000 0.000000 0.000000 1.000000
0.998341 -0.008475 -0.056952 5.249821 0.003877 0.996758 -0.080371 89.433159 0.057449 0.080016 0.995137 1.517145 0.000000 0.000000 0.000000 1.000000
0.998145 -0.008340 -0.060308 5.269713 0.003353 0.996600 -0.082319 89.382751 0.060790 0.081964 0.994780 1.448802 0.000000 0.000000 0.000000 1.000000
0.997928 -0.008202 -0.063811 5.283007 0.002794 0.996429 -0.084392 89.361038 0.064276 0.084039 0.994387 1.381398 0.000000 0.000000 0.000000 1.000000
0.997723 -0.008074 -0.066965 5.289757 0.002273 0.996271 -0.086250 89.386200 0.067411 0.085902 0.994020 1.318742 0.000000 0.000000 0.000000 1.000000
0.997502 -0.007898 -0.070198 5.290291 0.001707 0.996135 -0.087822 89.450073 0.070620 0.087482 0.993660 1.264614 0.000000 0.000000 0.000000 1.000000
0.997281 -0.007669 -0.073292 5.284887 0.001097 0.996005 -0.089289 89.539558 0.073684 0.088965 0.993305 1.225555 0.000000 0.000000 0.000000 1.000000
0.997113 -0.007532 -0.075551 5.273225 0.000654 0.995883 -0.090650 89.660187 0.075923 0.090339 0.993013 1.203468 0.000000 0.000000 0.000000 1.000000
0.997012 -0.007480 -0.076880 5.255521 0.000384 0.995768 -0.091904 89.793083 0.077242 0.091600 0.992796 1.202904 0.000000 0.000000 0.000000 1.000000
0.996910 -0.007618 -0.078187 5.231830 0.000311 0.995662 -0.093048 89.936371 0.078556 0.092736 0.992587 1.222124 0.000000 0.000000 0.000000 1.000000
0.996811 -0.007811 -0.079422 5.202403 0.000305 0.995564 -0.094081 90.088036 0.079804 0.093757 0.992392 1.258212 0.000000 0.000000 0.000000 1.000000
0.996719 -0.008030 -0.080536 5.167130 0.000344 0.995477 -0.095001 90.246117 0.080934 0.094662 0.992214 1.307506 0.000000 0.000000 0.000000 1.000000
0.996641 -0.008217 -0.081483 5.126649 0.000405 0.995435 -0.095437 90.408600 0.081895 0.095083 0.992095 1.365571 0.000000 0.000000 0.000000 1.000000
0.996580 -0.008417 -0.082209 5.081397 0.000481 0.995374 -0.096080 90.573257 0.082638 0.095712 0.991973 1.429179 0.000000 0.000000 0.000000 1.000000
0.996538 -0.008773 -0.082671 5.030901 0.000777 0.995356 -0.096255 90.738289 0.083131 0.095857 0.991918 1.491644 0.000000 0.000000 0.000000 1.000000
