<?xml version="1.0" encoding="utf-8"?>
<COLLADA xmlns="http://www.collada.org/2005/11/COLLADASchema" version="1.4.1">
  <asset><contributor><author>Mixamo</author><authoring_tool>COLLADA Mixamo exporter</authoring_tool><comments></comments></contributor><created>2018-12-20T18:13:24Z</created><modified>2018-12-20T18:13:24Z</modified><revision></revision><title></title><unit meter="0.010000"/><up_axis>Y_UP</up_axis></asset>
  <library_animations>
    <animation id="swat_Hips-anim" name="swat_Hips"><source id="swat_Hips-Matrix-animation-input"><float_array id="swat_Hips-Matrix-animation-input-array" count="31">

0.000000 0.033333 0.066667 0.100000 0.133333 0.166667 0.200000 0.233333 0.266667 0.300000 0.333333 0.366667 0.400000 0.433333 0.466667 0.500000
0.533333 0.566667 0.600000 0.633333 0.666667 0.700000 0.733333 0.766667 0.800000 0.833333 0.866667 0.900000 0.933333 0.966667 1.000000</float_array><technique_common><accessor source="#swat_Hips-Matrix-animation-input-array" count="31"><param name="TIME" type="float"/></accessor></technique_common></source><source id="swat_Hips-Matrix-animation-output-transform"><float_array id="swat_Hips-Matrix-animation-output-transform-array" count="496">

0.998958 0.033763 0.030704 -1.648380 -0.026925 0.979256 -0.200831 88.536629 -0.036847 0.199795 0.979145 -0.472209 0.000000 0.000000 0.000000 1.000000
0.997019 0.061527 0.046551 -2.525619 -0.051994 0.981591 -0.183783 87.556480 -0.057002 0.180814 0.981864 5.539228 0.000000 0.000000 0.000000 1.000000
0.994441 0.091255 0.052533 -3.124156 -0.081277 0.982429 -0.168009 86.510399 -0.066942 0.162806 0.984385 11.049479 0.000000 0.000000 0.000000 1.000000
0.991653 0.118903 0.049865 -3.412081 -0.109717 0.981319 -0.158038 85.979103 -0.067725 0.151248 0.986173 16.143579 0.000000 0.000000 0.000000 1.000000
0.990006 0.135179 0.040187 -3.536554 -0.127356 0.979363 -0.156932 86.394142 -0.060572 0.150246 0.986791 21.234335 0.000000 0.000000 0.000000 1.000000
0.990105 0.138360 0.023444 -3.633723 -0.132751 0.977619 -0.163210 87.665794 -0.045501 0.158482 0.986313 26.483032 0.000000 0.000000 0.000000 1.000000
0.991042 0.133552 -0.000483 -3.691603 -0.131651 0.976311 -0.171710 89.231247 -0.022460 0.170235 0.985147 31.777388 0.000000 0.000000 0.000000 1.000000
0.991666 0.125829 -0.027687 -3.681031 -0.128753 0.975688 -0.177357 90.647255 0.004697 0.179443 0.983757 37.090279 0.000000 0.000000 0.000000 1.000000
0.991648 0.118375 -0.051195 -3.607359 -0.125703 0.975903 -0.178357 91.693077 0.028848 0.183302 0.982633 42.434734 0.000000 0.000000 0.000000 1.000000
0.991077 0.114033 -0.069014 -3.492600 -0.124656 0.976285 -0.176999 92.183517 0.047194 0.184022 0.981788 47.799118 0.000000 0.000000 0.000000 1.000000
0.990027 0.111062 -0.086676 -3.378717 -0.125027 0.976195 -0.177233 92.178749 0.064929 0.186303 0.980345 53.225430 0.000000 0.000000 0.000000 1.000000
0.987965 0.108337 -0.110402 -3.329762 -0.127063 0.975453 -0.179852 91.834366 0.088207 0.191715 0.977479 58.767681 0.000000 0.000000 0.000000 1.000000
0.984398 0.107921 -0.138976 -3.347520 -0.132338 0.974625 -0.180537 91.036003 0.115966 0.196112 0.973700 64.465317 0.000000 0.000000 0.000000 1.000000
0.980825 0.107020 -0.162878 -3.220608 -0.135354 0.975362 -0.174207 89.880058 0.140222 0.192913 0.971145 70.493996 0.000000 0.000000 0.000000 1.000000
0.980127 0.096491 -0.173321 -2.838179 -0.124728 0.979170 -0.160213 88.581329 0.154252 0.178647 0.971747 76.760544 0.000000 0.000000 0.000000 1.000000
0.982109 0.073729 -0.173277 -2.217351 -0.098719 0.985170 -0.140337 87.153366 0.160361 0.154932 0.974823 83.157944 0.000000 0.000000 0.000000 1.000000
0.984282 0.044645 -0.170866 -1.532874 -0.065557 0.990755 -0.118773 85.730759 0.163984 0.128108 0.978109 89.525833 0.000000 0.000000 0.000000 1.000000
0.984642 0.012478 -0.174140 -1.038540 -0.030702 0.994274 -0.102355 84.690689 0.171866 0.106129 0.979387 95.280510 0.000000 0.000000 0.000000 1.000000
0.983523 -0.007566 -0.180624 -0.859430 -0.010334 0.995137 -0.097954 84.495567 0.180487 0.098207 0.978662 100.540794 0.000000 0.000000 0.000000 1.000000
0.983596 -0.009622 -0.180130 -0.958346 -0.009792 0.994256 -0.106577 85.390572 0.180121 0.106592 0.977852 105.526566 0.000000 0.000000 0.000000 1.000000
0.986199 0.002770 -0.165542 -1.248369 -0.023317 0.992219 -0.122305 87.051208 0.163915 0.124477 0.978589 110.351723 0.000000 0.000000 0.000000 1.000000
0.990010 0.021097 -0.139408 -1.652703 -0.040434 0.989695 -0.137367 88.918785 0.135073 0.141631 0.980661 115.089111 0.000000 0.000000 0.000000 1.000000
0.992922 0.038210 -0.112458 -2.115386 -0.054718 0.987535 -0.147581 90.568687 0.105417 0.152690 0.982636 120.676323 0.000000 0.000000 0.000000 1.000000
0.994624 0.049144 -0.091149 -2.586748 -0.062886 0.985971 -0.154620 91.737831 0.082271 0.159521 0.983760 126.441887 0.000000 0.000000 0.000000 1.000000
0.996118 0.055007 -0.068727 -3.055852 -0.065567 0.984560 -0.162302 92.355774 0.058738 0.166178 0.984345 132.348495 0.000000 0.000000 0.000000 1.000000
0.997253 0.057547 -0.046646 -3.377852 -0.064693 0.983326 -0.169958 92.430946 0.036087 0.172509 0.984347 138.375671 0.000000 0.000000 0.000000 1.000000
0.998000 0.057323 -0.026657 -3.349645 -0.061151 0.982289 -0.177113 92.022003 0.016033 0.178389 0.983829 144.536301 0.000000 0.000000 0.000000 1.000000
0.998556 0.053240 -0.007172 -2.934369 -0.053648 0.981323 -0.184735 91.343452 -0.002797 0.184853 0.982762 150.836639 0.000000 0.000000 0.000000 1.000000
0.998978 0.043700 0.011568 -2.374904 -0.040660 0.980446 -0.192541 90.477547 -0.019756 0.191873 0.981221 157.215485 0.000000 0.000000 0.000000 1.000000
0.998996 0.036798 0.025546 -1.869418 -0.031007 0.979602 -0.198539 89.498444 -0.032331 0.197548 0.979760 163.496078 0.000000 0.000000 0.000000 1.000000
0.998931 0.034377 0.030902 -1.653129 -0.027487 0.979239 -0.200835 88.513733 -0.037165 0.199771 0.979137 169.621246 0.000000 0.000000 0.000000 1.000000</float_array><technique_common><accessor source="#swat_Hips-Matrix-animation-output-transform-array" count="31" stride="16"><param type="float4x4"/></accessor></technique_common></source><source id="swat_Hips-Interpolations"><Name_array id="swat_Hips-Interpolations-array" count="31">
 LINEAR LINEAR LINEAR LINEAR LINEAR LINEAR LINEAR LINEAR LINEAR LINEAR LINEAR
LINEAR LINEAR LINEAR LINEAR LINEAR LINEAR LINEAR LINEAR LINEAR LINEAR LINEAR LINEAR
LINEAR LINEAR LINEAR LINEAR LINEAR LINEAR LINEAR LINEAR</Name_array><technique_common><accessor source="#swat_Hips-Interpolations-array" count="31"><param type="name"/></accessor></technique_common></source><sampler id="swat_Hips-Matrix-animation-transform"><input semantic="INPUT" source="#swat_Hips-Matrix-animation-input"/><input semantic="OUTPUT" source="#swat_Hips-Matrix-animation-output-transform"/><input semantic="INTERPOLATION" source="#swat_Hips-Interpolations"/></sampler><channel source="#swat_Hips-Matrix-animation-transform" target="swat_Hips/matrix"/></animation>
    <animation id="swat_Spine-anim" name="swat_Spine"><source id="swat_Spine-Matrix-animation-input"><float_array id="swat_Spine-Matrix-animation-input-array" count="31">

0.000000 0.033333 0.066667 0.100000 0.133333 0.166667 0.200000 0.233333 0.266667 0.300000 0.333333 0.366667 0.400000 0.433333 0.466667 0.500000
0.533333 0.566667 0.600000 0.633333 0.666667 0.700000 0.733333 0.766667 0.800000 0.833333 0.866667 0.900000 0.933333 0.966667 1.000000</float_array><technique_common><accessor source="#swat_Spine-Matrix-animation-input-array" count="31"><param name="TIME" type="float"/></accessor></technique_common></source><source id="swat_Spine-Matrix-animation-output-transform"><float_array id="swat_Spine-Matrix-animation-output-transform-array" count="496">

0.999683 0.021528 -0.013056 0.000000 -0.022182 0.998391 -0.052184 9.226300 0.011912 0.052457 0.998552 1.577100 0.000000 0.000000 0.000000 1.000000
0.999927 0.006846 -0.009966 0.000000 -0.007403 0.998346 -0.057007 9.226300 0.009559 0.057077 0.998324 1.577100 0.000000 0.000000 0.000000 1.000000
0.999909 -0.010864 -0.008008 -0.000000 0.010349 0.998042 -0.061691 9.226300 0.008663 0.061603 0.998063 1.577100 0.000000 0.000000 0.000000 1.000000
0.999497 -0.031053 -0.006485 0.000000 0.030559 0.997359 -0.065884 9.226300 0.008514 0.065652 0.997806 1.577100 0.000000 0.000000 0.000000 1.000000
0.998928 -0.046080 -0.004300 0.000000 0.045677 0.996598 -0.068602 9.226300 0.007447 0.068332 0.997635 1.577100 0.000000 0.000000 0.000000 1.000000
0.998640 -0.052125 -0.000644 0.000000 0.051958 0.996282 -0.068728 9.226300 0.004224 0.068601 0.997635 1.577100 0.000000 0.000000 0.000000 1.000000
0.998692 -0.050948 0.004411 0.000000 0.051128 0.996493 -0.066242 9.226300 -0.001020 0.066381 0.997794 1.577100 0.000000 0.000000 0.000000 1.000000
0.998878 -0.046231 0.010258 -0.000000 0.046783 0.996951 -0.062443 9.226300 -0.007340 0.062853 0.997996 1.577100 0.000000 0.000000 0.000000 1.000000
0.999000 -0.041882 0.015649 -0.000000 0.042730 0.997370 -0.058551 9.226300 -0.013155 0.059161 0.998162 1.577100 0.000000 0.000000 0.000000 1.000000
0.998902 -0.042198 0.020338 0.000000 0.043253 0.997572 -0.054591 9.226300 -0.017985 0.055411 0.998302 1.577100 0.000000 0.000000 0.000000 1.000000
0.998656 -0.045367 0.025047 0.000000 0.046574 0.997666 -0.049929 9.226300 -0.022724 0.051028 0.998439 1.577100 0.000000 0.000000 0.000000 1.000000
0.998427 -0.047170 0.030297 0.000000 0.048498 0.997822 -0.044723 9.226300 -0.028121 0.046122 0.998540 1.577100 0.000000 0.000000 0.000000 1.000000
0.998313 -0.046155 0.035227 -0.000000 0.047573 0.998045 -0.040533 9.226300 -0.033288 0.042140 0.998557 1.577100 0.000000 0.000000 0.000000 1.000000
0.998459 -0.041172 0.037215 0.000000 0.042631 0.998318 -0.039301 9.226300 -0.035534 0.040827 0.998534 1.577100 0.000000 0.000000 0.000000 1.000000
0.998978 -0.029081 0.034599 0.000000 0.030550 0.998620 -0.042708 9.226300 -0.033310 0.043721 0.998488 1.577100 0.000000 0.000000 0.000000 1.000000
0.999429 -0.013535 0.030962 0.000000 0.015042 0.998686 -0.048995 9.226300 -0.030259 0.049433 0.998319 1.577100 0.000000 0.000000 0.000000 1.000000
0.999592 0.000011 0.028577 -0.000000 0.001582 0.998445 -0.055724 9.226300 -0.028533 0.055747 0.998037 1.577100 0.000000 0.000000 0.000000 1.000000
0.999463 0.015105 0.029080 0.000000 -0.013304 0.998037 -0.061190 9.226300 -0.029947 0.060771 0.997702 1.577100 0.000000 0.000000 0.000000 1.000000
0.999235 0.024846 0.030212 0.000000 -0.022851 0.997646 -0.064648 9.226300 -0.031748 0.063908 0.997451 1.577100 0.000000 0.000000 0.000000 1.000000
0.999217 0.027801 0.028156 0.000000 -0.025880 0.997455 -0.066429 9.226300 -0.029931 0.065648 0.997394 1.577100 0.000000 0.000000 0.000000 1.000000
0.999417 0.025692 0.022464 -0.000000 -0.024125 0.997432 -0.067433 9.226300 -0.024139 0.066852 0.997471 1.577100 0.000000 0.000000 0.000000 1.000000
0.999636 0.022016 0.015609 -0.000000 -0.020898 0.997431 -0.068522 9.226300 -0.017078 0.068171 0.997527 1.577100 0.000000 0.000000 0.000000 1.000000
0.999739 0.020335 0.010435 0.000000 -0.019564 0.997399 -0.069376 9.226300 -0.011819 0.069154 0.997536 1.577100 0.000000 0.000000 0.000000 1.000000
0.999701 0.023217 0.007690 0.000000 -0.022634 0.997379 -0.068722 9.226300 -0.009266 0.068527 0.997606 1.577100 0.000000 0.000000 0.000000 1.000000
0.999542 0.029575 0.006332 0.000000 -0.029095 0.997409 -0.065800 9.226300 -0.008261 0.065586 0.997813 1.577100 0.000000 0.000000 0.000000 1.000000
0.999376 0.035043 0.004424 0.000000 -0.034705 0.997498 -0.061590 9.226300 -0.006571 0.061398 0.998092 1.577100 0.000000 0.000000 0.000000 1.000000
0.999371 0.035445 0.000720 -0.000000 -0.035344 0.997700 -0.057837 9.226300 -0.002768 0.057775 0.998326 1.577100 0.000000 0.000000 0.000000 1.000000
0.999472 0.032211 -0.004379 0.000000 -0.032404 0.997941 -0.055348 9.226300 0.002587 0.055461 0.998458 1.577100 0.000000 0.000000 0.000000 1.000000
0.999577 0.027652 -0.009018 0.000000 -0.028099 0.998154 -0.053841 9.226300 0.007512 0.054071 0.998509 1.577100 0.000000 0.000000 0.000000 1.000000
0.999654 0.023369 -0.012054 0.000000 -0.023975 0.998313 -0.052878 9.226300 0.010798 0.053148 0.998528 1.577100 0.000000 0.000000 0.000000 1.000000
0.999694 0.020904 -0.013222 0.000000 -0.021567 0.998404 -0.052192 9.226300 0.012110 0.052461 0.998550 1.577100 0.000000 0.000000 0.000000 1.000000</float_array><technique_common><accessor source="#swat_Spine-Matrix-animation-output-transform-array" count="31" stride="16"><param type="float4x4"/></accessor></technique_common></source><source id="swat_Spine-Interpolations"><Name_array id="swat_Spine-Interpolations-array" count="31">
 LINEAR LINEAR LINEAR LINEAR LINEAR LINEAR LINEAR LINEAR LINEAR LINEAR LINEAR
LINEAR LINEAR LINEAR LINEAR LINEAR LINEAR LINEAR LINEAR LINEAR LINEAR LINEAR LINEAR
LINEAR LINEAR LINEAR LINEAR LINEAR LINEAR LINEAR LINEAR</Name_array><technique_common><accessor source="#swat_Spine-Interpolations-array" count="31"><param type="name"/></accessor></technique_common></source><sampler id="swat_Spine-Matrix-animation-transform"><input semantic="INPUT" source="#swat_Spine-Matrix-animation-input"/><input semantic="OUTPUT" source="#swat_Spine-Matrix-animation-output-transform"/><input semantic="INTERPOLATION" source="#swat_Spine-Interpolations"/></sampler><channel source="#swat_Spine-Matrix-animation-transform" target="swat_Spine/matrix"/></animation>
    <animation id="swat_Spine1-anim" name="swat_Spine1"><source id="swat_Spine1-Matrix-animation-input"><float_array id="swat_Spine1-Matrix-animation-input-array" count="31">

0.000000 0.033333 0.066667 0.100000 0.133333 0.166667 0.200000 0.233333 0.266667 0.300000 0.333333 0.366667 0.400000 0.433333 0.466667 0.500000
0.533333 0.566667 0.600000 0.633333 0.666667 0.700000 0.733333 0.766667 0.800000 0.833333 0.866667 0.900000 0.933333 0.966667 1.000000</float_array><technique_common><accessor source="#swat_Spine1-Matrix-animation-input-array" count="31"><param name="TIME" type="float"/></accessor></technique_common></source><source id="swat_Spine1-Matrix-animation-output-transform"><float_array id="swat_Spine1-Matrix-animation-output-transform-array" count="496">

0.999433 0.015387 -0.029960 0.000000 -0.018526 0.994036 -0.107465 16.254000 0.028128 0.107959 0.993757 -0.165600 0.000000 0.000000 0.000000 1.000000
0.999555 0.006747 -0.029071 0.000000 -0.010025 0.993415 -0.114135 16.254000 0.028110 0.114376 0.993040 -0.165600 0.000000 0.000000 0.000000 1.000000
0.999669 0.000036 -0.025744 0.000000 -0.003158 0.992618 -0.121242 16.254000 0.025549 0.121283 0.992289 -0.165600 0.000000 0.000000 0.000000 1.000000
0.999767 -0.004356 -0.021140 0.000000 0.001625 0.991834 -0.127525 16.254000 0.021522 0.127461 0.991610 -0.165600 0.000000 0.000000 0.000000 1.000000
0.999856 -0.006169 -0.015793 -0.000000 0.004046 0.991363 -0.131084 16.254000 0.016466 0.131001 0.991245 -0.165600 0.000000 0.000000 0.000000 1.000000
0.999947 -0.005034 -0.008985 0.000000 0.003817 0.991431 -0.130573 16.254000 0.009565 0.130532 0.991398 -0.165600 0.000000 0.000000 0.000000 1.000000
1.000000 -0.000830 -0.000016 0.000000 0.000821 0.991941 -0.126697 16.254000 0.000121 0.126697 0.991941 -0.165600 0.000000 0.000000 0.000000 1.000000
0.999938 0.005248 0.009830 0.000000 -0.004011 0.992546 -0.121805 16.254000 -0.010396 0.121758 0.992505 -0.165600 0.000000 0.000000 0.000000 1.000000
0.999782 0.010849 0.017849 0.000000 -0.008677 0.993025 -0.117581 16.254000 -0.019000 0.117401 0.992903 -0.165600 0.000000 0.000000 0.000000 1.000000
0.999643 0.014003 0.022765 0.000000 -0.011328 0.993457 -0.113645 16.254000 -0.024207 0.113346 0.993261 -0.165600 0.000000 0.000000 0.000000 1.000000
0.999552 0.014352 0.026266 -0.000000 -0.011421 0.994028 -0.108528 16.254000 -0.027667 0.108179 0.993746 -0.165600 0.000000 0.000000 0.000000 1.000000
0.999431 0.012829 0.031194 0.000000 -0.009586 0.994741 -0.101974 16.254000 -0.032339 0.101617 0.994298 -0.165600 0.000000 0.000000 0.000000 1.000000
0.999200 0.011062 0.038426 0.000000 -0.007324 0.995346 -0.096083 16.254000 -0.039310 0.095725 0.994631 -0.165600 0.000000 0.000000 0.000000 1.000000
0.998883 0.010973 0.045954 0.000000 -0.006617 0.995560 -0.093894 16.254000 -0.046781 0.093485 0.994521 -0.165600 0.000000 0.000000 0.000000 1.000000
0.998585 0.014776 0.051087 0.000000 -0.009720 0.995154 -0.097846 16.254000 -0.052285 0.097211 0.993890 -0.165600 0.000000 0.000000 0.000000 1.000000
0.998330 0.022151 0.053354 0.000000 -0.016366 0.994177 -0.106511 16.254000 -0.055403 0.105460 0.992879 -0.165600 0.000000 0.000000 0.000000 1.000000
0.998018 0.030798 0.054882 0.000000 -0.024206 0.992841 -0.116968 16.254000 -0.058092 0.115407 0.991618 -0.165600 0.000000 0.000000 0.000000 1.000000
0.997629 0.037562 0.057662 -0.000000 -0.030042 0.991556 -0.126148 16.254000 -0.061913 0.124117 0.990334 -0.165600 0.000000 0.000000 0.000000 1.000000
0.997328 0.040953 0.060490 0.000000 -0.032663 0.990688 -0.132173 16.254000 -0.065340 0.129844 0.989379 -0.165600 0.000000 0.000000 0.000000 1.000000
0.997362 0.041980 0.059220 0.000000 -0.033671 0.990285 -0.134918 16.254000 -0.064309 0.132568 0.989085 -0.165600 0.000000 0.000000 0.000000 1.000000
0.997816 0.042319 0.050718 0.000000 -0.035090 0.990114 -0.135806 16.254000 -0.055964 0.133730 0.989436 -0.165600 0.000000 0.000000 0.000000 1.000000
0.998434 0.042182 0.036750 -0.000000 -0.036799 0.989955 -0.136513 16.254000 -0.042140 0.134947 0.989956 -0.165600 0.000000 0.000000 0.000000 1.000000
0.998907 0.040350 0.023577 0.000000 -0.036753 0.989893 -0.136973 16.254000 -0.028865 0.135956 0.990294 -0.165600 0.000000 0.000000 0.000000 1.000000
0.999205 0.036102 0.016889 0.000000 -0.033487 0.990211 -0.135499 16.254000 -0.021615 0.134826 0.990634 -0.165600 0.000000 0.000000 0.000000 1.000000
0.999395 0.030591 0.016520 0.000000 -0.028168 0.990983 -0.130990 16.254000 -0.020378 0.130446 0.991246 -0.165600 0.000000 0.000000 0.000000 1.000000
0.999537 0.025660 0.016361 0.000000 -0.023424 0.991925 -0.124641 16.254000 -0.019427 0.124200 0.992067 -0.165600 0.000000 0.000000 0.000000 1.000000
0.999703 0.022032 0.010376 -0.000000 -0.020647 0.992720 -0.118658 16.254000 -0.012915 0.118409 0.992881 -0.165600 0.000000 0.000000 0.000000 1.000000
0.999811 0.019355 -0.001660 0.000000 -0.019418 0.993278 -0.114113 16.254000 -0.000560 0.114123 0.993466 -0.165600 0.000000 0.000000 0.000000 1.000000
0.999737 0.017270 -0.015059 -0.000000 -0.018836 0.993655 -0.110885 16.254000 0.013048 0.111139 0.993719 -0.165600 0.000000 0.000000 0.000000 1.000000
0.999555 0.015866 -0.025251 0.000000 -0.018522 0.993902 -0.108703 16.254000 0.023373 0.109123 0.993753 -0.165600 0.000000 0.000000 0.000000 1.000000
0.999433 0.015387 -0.029960 0.000000 -0.018526 0.994036 -0.107465 16.254000 0.028128 0.107959 0.993757 -0.165600 0.000000 0.000000 0.000000 1.000000</float_array><technique_common><accessor source="#swat_Spine1-Matrix-animation-output-transform-array" count="31" stride="16"><param type="float4x4"/></accessor></technique_common></source><source id="swat_Spine1-Interpolations"><Name_array id="swat_Spine1-Interpolations-array" count="31">
 LINEAR LINEAR LINEAR LINEAR LINEAR LINEAR LINEAR LINEAR LINEAR LINEAR LINEAR
LINEAR LINEAR LINEAR LINEAR LINEAR LINEAR LINEAR LINEAR LINEAR LINEAR LINEAR LINEAR
LINEAR LINEAR LINEAR LINEAR LINEAR LINEAR LINEAR LINEAR</Name_array><technique_common><accessor source="#swat_Spine1-Interpolations-array" count="31"><param type="name"/></accessor></technique_common></source><sampler id="swat_Spine1-Matrix-animation-transform"><input semantic="INPUT" source="#swat_Spine1-Matrix-animation-input"/><input semantic="OUTPUT" source="#swat_Spine1-Matrix-animation-output-transform"/><input semantic="INTERPOLATION" source="#swat_Spine1-Interpolations"/></sampler><channel source="#swat_Spine1-Matrix-animation-transform" target="swat_Spine1/matrix"/></animation>
    <animation id="swat_Spine2-anim" name="swat_Spine2"><source id="swat_Spine2-Matrix-animation-input"><float_array id="swat_Spine2-Matrix-animation-input-array" count="31">

0.000000 0.033333 0.066667 0.100000 0.133333 0.166667 0.200000 0.233333 0.266667 0.300000 0.333333 0.366667 0.400000 0.433333 0.466667 0.500000
0.533333 0.566667 0.600000 0.633333 0.666667 0.700000 0.733333 0.766667 0.800000 0.833333 0.866667 0.900000 0.933333 0.966667 1.000000</float_array><technique_common><accessor source="#swat_Spine2-Matrix-animation-input-array" count="31"><param name="TIME" type="float"/></accessor></technique_common></source><source id="swat_Spine2-Matrix-animation-output-transform"><float_array id="swat_Spine2-Matrix-animation-output-transform-array" count="496">

0.999425 0.015296 -0.030276 0.000000 -0.018467 0.994046 -0.107388 13.639600 0.028454 0.107885 0.993756 -1.292300 0.000000 0.000000 0.000000 1.000000
0.999549 0.006730 -0.029261 0.000000 -0.010028 0.993420 -0.114090 13.639600 0.028301 0.114332 0.993039 -1.292300 0.000000 0.000000 0.000000 1.000000
0.999667 0.000067 -0.025817 0.000000 -0.003198 0.992620 -0.121227 13.639600 0.025618 0.121269 0.992289 -1.292300 0.000000 0.000000 0.000000 1.000000
0.999769 -0.004289 -0.021039 0.000000 0.001571 0.991832 -0.127541 13.639600 0.021414 0.127479 0.991610 -1.292300 0.000000 0.000000 0.000000 1.000000
0.999862 -0.006079 -0.015444 0.000000 0.004002 0.991358 -0.131126 13.639600 0.016107 0.131046 0.991245 -1.292300 0.000000 0.000000 0.000000 1.000000
0.999952 -0.004945 -0.008399 0.000000 0.003806 0.991426 -0.130615 13.639600 0.008973 0.130577 0.991398 -1.292300 0.000000 0.000000 0.000000 1.000000
0.999999 -0.000766 0.000689 -0.000000 0.000847 0.991941 -0.126702 13.639600 -0.000587 0.126702 0.991941 -1.292300 0.000000 0.000000 0.000000 1.000000
0.999930 0.005288 0.010552 0.000000 -0.003964 0.992553 -0.121749 13.639600 -0.011117 0.121699 0.992505 -1.292300 0.000000 0.000000 0.000000 1.000000
0.999768 0.010899 0.018587 -0.000000 -0.008642 0.993040 -0.117464 13.639600 -0.019738 0.117276 0.992903 -1.292300 0.000000 0.000000 0.000000 1.000000
0.999623 0.014107 0.023568 0.000000 -0.011345 0.993477 -0.113470 13.639600 -0.025015 0.113160 0.993262 -1.292300 0.000000 0.000000 0.000000 1.000000
0.999526 0.014557 0.027133 0.000000 -0.011538 0.994052 -0.108295 13.639600 -0.028548 0.107930 0.993748 -1.292300 0.000000 0.000000 0.000000 1.000000
0.999399 0.013178 0.032065 -0.000000 -0.009855 0.994769 -0.101675 13.639600 -0.033238 0.101297 0.994301 -1.292300 0.000000 0.000000 0.000000 1.000000
0.999163 0.011564 0.039234 -0.000000 -0.007762 0.995378 -0.095719 13.639600 -0.040159 0.095334 0.994635 -1.292300 0.000000 0.000000 0.000000 1.000000
0.998844 0.011567 0.046655 0.000000 -0.007162 0.995594 -0.093499 13.639600 -0.047531 0.093057 0.994526 -1.292300 0.000000 0.000000 0.000000 1.000000
0.998550 0.015309 0.051619 -0.000000 -0.010217 0.995183 -0.097504 13.639600 -0.052863 0.096836 0.993896 -1.292300 0.000000 0.000000 0.000000 1.000000
0.998302 0.022527 0.053716 -0.000000 -0.016717 0.994197 -0.106267 13.639600 -0.055798 0.105188 0.992886 -1.292300 0.000000 0.000000 0.000000 1.000000
0.997997 0.031036 0.055123 0.000000 -0.024424 0.992855 -0.116803 13.639600 -0.058354 0.115223 0.991624 -1.292300 0.000000 0.000000 0.000000 1.000000
0.997611 0.037743 0.057856 -0.000000 -0.030206 0.991569 -0.126011 13.639600 -0.062124 0.123963 0.990340 -1.292300 0.000000 0.000000 0.000000 1.000000
0.997309 0.041122 0.060697 0.000000 -0.032815 0.990702 -0.132029 13.639600 -0.065562 0.129682 0.989386 -1.292300 0.000000 0.000000 0.000000 1.000000
0.997341 0.042116 0.059470 -0.000000 -0.033783 0.990301 -0.134772 13.639600 -0.064569 0.132405 0.989090 -1.292300 0.000000 0.000000 0.000000 1.000000
0.997798 0.042390 0.051021 0.000000 -0.035127 0.990129 -0.135683 13.639600 -0.056269 0.133592 0.989438 -1.292300 0.000000 0.000000 0.000000 1.000000
0.998421 0.042193 0.037083 0.000000 -0.036768 0.989967 -0.136429 13.639600 -0.042468 0.134850 0.989956 -1.292300 0.000000 0.000000 0.000000 1.000000
0.998902 0.040330 0.023837 -0.000000 -0.036698 0.989901 -0.136931 13.639600 -0.029119 0.135906 0.990294 -1.292300 0.000000 0.000000 0.000000 1.000000
0.999206 0.036075 0.016931 0.000000 -0.033454 0.990212 -0.135501 13.639600 -0.021653 0.134827 0.990633 -1.292300 0.000000 0.000000 0.000000 1.000000
0.999401 0.030569 0.016250 -0.000000 -0.028181 0.990977 -0.131033 13.639600 -0.020109 0.130497 0.991245 -1.292300 0.000000 0.000000 0.000000 1.000000
0.999546 0.025648 0.015834 0.000000 -0.023477 0.991915 -0.124710 13.639600 -0.018905 0.124282 0.992067 -1.292300 0.000000 0.000000 0.000000 1.000000
0.999710 0.022022 0.009762 0.000000 -0.020709 0.992712 -0.118720 13.639600 -0.012305 0.118483 0.992880 -1.292300 0.000000 0.000000 0.000000 1.000000
0.999811 0.019330 -0.002210 0.000000 -0.019456 0.993274 -0.114138 13.639600 -0.000011 0.114159 0.993462 -1.292300 0.000000 0.000000 0.000000 1.000000
0.999732 0.017221 -0.015494 0.000000 -0.018835 0.993657 -0.110866 13.639600 0.013486 0.111128 0.993715 -1.292300 0.000000 0.000000 0.000000 1.000000
0.999548 0.015794 -0.025595 0.000000 -0.018487 0.993908 -0.108648 13.639600 0.023723 0.109072 0.993751 -1.292300 0.000000 0.000000 0.000000 1.000000
0.999425 0.015296 -0.030276 -0.000000 -0.018467 0.994046 -0.107388 13.639600 0.028454 0.107885 0.993756 -1.292300 0.000000 0.000000 0.000000 1.000000</float_array><technique_common><accessor source="#swat_Spine2-Matrix-animation-output-transform-array" count="31" stride="16"><param type="float4x4"/></accessor></technique_common></source><source id="swat_Spine2-Interpolations"><Name_array id="swat_Spine2-Interpolations-array" count="31">
 LINEAR LINEAR LINEAR LINEAR LINEAR LINEAR LINEAR LINEAR LINEAR LINEAR LINEAR
LINEAR LINEAR LINEAR LINEAR LINEAR LINEAR LINEAR LINEAR LINEAR LINEAR LINEAR LINEAR
LINEAR LINEAR LINEAR LINEAR LINEAR LINEAR LINEAR LINEAR</Name_array><technique_common><accessor source="#swat_Spine2-Interpolations-array" count="31"><param type="name"/></accessor></technique_common></source><sampler id="swat_Spine2-Matrix-animation-transform"><input semantic="INPUT" source="#swat_Spine2-Matrix-animation-input"/><input semantic="OUTPUT" source="#swat_Spine2-Matrix-animation-output-transform"/><input semantic="INTERPOLATION" source="#swat_Spine2-Interpolations"/></sampler><channel source="#swat_Spine2-Matrix-animation-transform" target="swat_Spine2/matrix"/></animation>
    <animation id="swat_Neck-anim" name="swat_Neck"><source id="swat_Neck-Matrix-animation-input"><float_array id="swat_Neck-Matrix-animation-input-array" count="31">

0.000000 0.033333 0.066667 0.100000 0.133333 0.166667 0.200000 0.233333 0.266667 0.300000 0.333333 0.366667 0.400000 0.433333 0.466667 0.500000
0.533333 0.566667 0.600000 0.633333 0.666667 0.700000 0.733333 0.766667 0.800000 0.833333 0.866667 0.900000 0.933333 0.966667 1.000000</float_array><technique_common><accessor source="#swat_Neck-Matrix-animation-input-array" count="31"><param name="TIME" type="float"/></accessor></technique_common></source><source id="swat_Neck-Matrix-animation-output-transform"><float_array id="swat_Neck-Matrix-animation-output-transform-array" count="496">

0.999826 -0.016062 0.009465 0.000000 0.015757 0.999381 0.031444 13.877400 -0.009964 -0.031290 0.999461 -4.354200 0.000000 0.000000 0.000000 1.000000
0.999786 -0.019143 0.007903 -0.000000 0.018894 0.999357 0.030478 13.877400 -0.008481 -0.030322 0.999504 -4.354200 0.000000 0.000000 0.000000 1.000000
0.999727 -0.022389 0.006611 0.000000 0.022184 0.999315 0.029627 13.877400 -0.007270 -0.029472 0.999539 -4.354200 0.000000 0.000000 0.000000 1.000000
0.999666 -0.025182 0.005753 -0.000000 0.025006 0.999270 0.028899 13.877400 -0.006476 -0.028745 0.999566 -4.354200 0.000000 0.000000 0.000000 1.000000
0.999620 -0.027069 0.005293 0.000000 0.026908 0.999237 0.028313 13.877400 -0.006055 -0.028160 0.999585 -4.354200 0.000000 0.000000 0.000000 1.000000
0.999590 -0.028179 0.004987 0.000000 0.028029 0.999218 0.027885 13.877400 -0.005769 -0.027733 0.999599 -4.354200 0.000000 0.000000 0.000000 1.000000
0.999568 -0.029030 0.004640 0.000000 0.028891 0.999201 0.027614 13.877400 -0.005438 -0.027468 0.999608 -4.354200 0.000000 0.000000 0.000000 1.000000
0.999547 -0.029798 0.004297 0.000000 0.029670 0.999183 0.027436 13.877400 -0.005111 -0.027296 0.999614 -4.354200 0.000000 0.000000 0.000000 1.000000
0.999542 -0.029968 0.004193 0.000000 0.029843 0.999185 0.027164 13.877400 -0.005004 -0.027027 0.999622 -4.354200 0.000000 0.000000 0.000000 1.000000
0.999576 -0.028761 0.004559 0.000000 0.028630 0.999236 0.026613 13.877400 -0.005321 -0.026471 0.999635 -4.354200 0.000000 0.000000 0.000000 1.000000
0.999649 -0.025932 0.005456 -0.000000 0.025782 0.999333 0.025847 13.877400 -0.006123 -0.025698 0.999651 -4.354200 0.000000 0.000000 0.000000 1.000000
0.999732 -0.022162 0.006702 0.000000 0.021987 0.999441 0.025182 13.877400 -0.007257 -0.025027 0.999660 -4.354200 0.000000 0.000000 0.000000 1.000000
0.999794 -0.018703 0.007925 -0.000000 0.018502 0.999521 0.024798 13.877400 -0.008385 -0.024646 0.999661 -4.354200 0.000000 0.000000 0.000000 1.000000
0.999826 -0.016499 0.008759 0.000000 0.016280 0.999567 0.024504 13.877400 -0.009160 -0.024357 0.999661 -4.354200 0.000000 0.000000 0.000000 1.000000
0.999839 -0.015516 0.009063 -0.000000 0.015295 0.999595 0.024017 13.877400 -0.009432 -0.023874 0.999670 -4.354200 0.000000 0.000000 0.000000 1.000000
0.999850 -0.014838 0.008951 0.000000 0.014626 0.999622 0.023272 13.877400 -0.009293 -0.023138 0.999689 -4.354200 0.000000 0.000000 0.000000 1.000000
0.999870 -0.013581 0.008638 -0.000000 0.013385 0.999661 0.022321 13.877400 -0.008938 -0.022203 0.999714 -4.354200 0.000000 0.000000 0.000000 1.000000
0.999895 -0.011921 0.008278 -0.000000 0.011743 0.999708 0.021132 13.877400 -0.008528 -0.021033 0.999742 -4.354200 0.000000 0.000000 0.000000 1.000000
0.999905 -0.011272 0.007955 0.000000 0.011112 0.999743 0.019784 13.877400 -0.008176 -0.019694 0.999773 -4.354200 0.000000 0.000000 0.000000 1.000000
0.999883 -0.013227 0.007720 0.000000 0.013081 0.999739 0.018724 13.877400 -0.007965 -0.018620 0.999795 -4.354200 0.000000 0.000000 0.000000 1.000000
0.999809 -0.018006 0.007591 0.000000 0.017864 0.999671 0.018432 13.877400 -0.007920 -0.018293 0.999801 -4.354200 0.000000 0.000000 0.000000 1.000000
0.999687 -0.023871 0.007548 -0.000000 0.023726 0.999543 0.018736 13.877400 -0.007992 -0.018551 0.999796 -4.354200 0.000000 0.000000 0.000000 1.000000
0.999571 -0.028297 0.007546 0.000000 0.028152 0.999427 0.018768 13.877400 -0.008072 -0.018547 0.999795 -4.354200 0.000000 0.000000 0.000000 1.000000
0.999524 -0.029912 0.007544 -0.000000 0.029773 0.999395 0.017978 13.877400 -0.008078 -0.017745 0.999810 -4.354200 0.000000 0.000000 0.000000 1.000000
0.999547 -0.029140 0.007562 0.000000 0.029008 0.999434 0.017061 13.877400 -0.008055 -0.016834 0.999826 -4.354200 0.000000 0.000000 0.000000 1.000000
0.999603 -0.027091 0.007698 0.000000 0.026953 0.999484 0.017484 13.877400 -0.008168 -0.017269 0.999818 -4.354200 0.000000 0.000000 0.000000 1.000000
0.999669 -0.024453 0.008035 0.000000 0.024289 0.999506 0.019948 13.877400 -0.008519 -0.019746 0.999769 -4.354200 0.000000 0.000000 0.000000 1.000000
0.999731 -0.021566 0.008512 0.000000 0.021359 0.999490 0.023725 13.877400 -0.009020 -0.023536 0.999682 -4.354200 0.000000 0.000000 0.000000 1.000000
0.999781 -0.018899 0.008978 0.000000 0.018646 0.999449 0.027459 13.877400 -0.009492 -0.027286 0.999583 -4.354200 0.000000 0.000000 0.000000 1.000000
0.999813 -0.016955 0.009313 0.000000 0.016667 0.999406 0.030175 13.877400 -0.009819 -0.030014 0.999501 -4.354200 0.000000 0.000000 0.000000 1.000000
0.999826 -0.016062 0.009465 -0.000000 0.015757 0.999381 0.031444 13.877400 -0.009965 -0.031290 0.999461 -4.354200 0.000000 0.000000 0.000000 1.000000</float_array><technique_common><accessor source="#swat_Neck-Matrix-animation-output-transform-array" count="31" stride="16"><param type="float4x4"/></accessor></technique_common></source><source id="swat_Neck-Interpolations"><Name_array id="swat_Neck-Interpolations-array" count="31">
 LINEAR LINEAR LINEAR LINEAR LINEAR LINEAR LINEAR LINEAR LINEAR LINEAR LINEAR
LINEAR LINEAR LINEAR LINEAR LINEAR LINEAR LINEAR LINEAR LINEAR LINEAR LINEAR LINEAR
LINEAR LINEAR LINEAR LINEAR LINEAR LINEAR LINEAR LINEAR</Name_array><technique_common><accessor source="#swat_Neck-Interpolations-array" count="31"><param type="name"/></accessor></technique_common></source><sampler id="swat_Neck-Matrix-animation-transform"><input semantic="INPUT" source="#swat_Neck-Matrix-animation-input"/><input semantic="OUTPUT" source="#swat_Neck-Matrix-animation-output-transform"/><input semantic="INTERPOLATION" source="#swat_Neck-Interpolations"/></sampler><channel source="#swat_Neck-Matrix-animation-transform" target="swat_Neck/matrix"/></animation>
    <animation id="swat_Neck1-anim" name="swat_Neck1"><source id="swat_Neck1-Matrix-animation-input"><float_array id="swat_Neck1-Matrix-animation-input-array" count="31">

0.000000 0.033333 0.066667 0.100000 0.133333 0.166667 0.200000 0.233333 0.266667 0.300000 0.333333 0.366667 0.400000 0.433333 0.466667 0.500000
0.533333 0.566667 0.600000 0.633333 0.666667 0.700000 0.733333 0.766667 0.800000 0.833333 0.866667 0.900000 0.933333 0.966667 1.000000</float_array><technique_common><accessor source="#swat_Neck1-Matrix-animation-input-array" count="31"><param name="TIME" type="float"/></accessor></technique_common></source><source id="swat_Neck1-Matrix-animation-output-transform"><float_array id="swat_Neck1-Matrix-animation-output-transform-array" count="496">

0.999826 -0.016062 0.009465 0.000000 0.015757 0.999381 0.031442 4.340000 -0.009965 -0.031287 0.999461 0.926900 0.000000 0.000000 0.000000 1.000000
0.999786 -0.019143 0.007903 0.000000 0.018894 0.999357 0.030478 4.340000 -0.008481 -0.030322 0.999504 0.926900 0.000000 0.000000 0.000000 1.000000
0.999727 -0.022389 0.006611 0.000000 0.022184 0.999315 0.029627 4.340000 -0.007270 -0.029473 0.999539 0.926900 0.000000 0.000000 0.000000 1.000000
0.999666 -0.025182 0.005753 0.000000 0.025006 0.999269 0.028899 4.340000 -0.006476 -0.028746 0.999566 0.926900 0.000000 0.000000 0.000000 1.000000
0.999620 -0.027069 0.005293 0.000000 0.026908 0.999237 0.028316 4.340000 -0.006055 -0.028163 0.999585 0.926900 0.000000 0.000000 0.000000 1.000000
0.999590 -0.028179 0.004987 -0.000000 0.028029 0.999218 0.027885 4.340000 -0.005769 -0.027734 0.999599 0.926900 0.000000 0.000000 0.000000 1.000000
0.999568 -0.029030 0.004640 0.000000 0.028891 0.999201 0.027615 4.340000 -0.005438 -0.027469 0.999608 0.926900 0.000000 0.000000 0.000000 1.000000
0.999547 -0.029798 0.004297 0.000000 0.029670 0.999183 0.027434 4.340000 -0.005111 -0.027294 0.999614 0.926900 0.000000 0.000000 0.000000 1.000000
0.999542 -0.029968 0.004193 -0.000000 0.029843 0.999185 0.027164 4.340000 -0.005004 -0.027027 0.999622 0.926900 0.000000 0.000000 0.000000 1.000000
0.999576 -0.028761 0.004559 0.000000 0.028630 0.999236 0.026613 4.340000 -0.005321 -0.026471 0.999635 0.926900 0.000000 0.000000 0.000000 1.000000
0.999649 -0.025932 0.005456 0.000000 0.025782 0.999333 0.025845 4.340000 -0.006123 -0.025695 0.999651 0.926900 0.000000 0.000000 0.000000 1.000000
0.999732 -0.022163 0.006702 0.000000 0.021987 0.999441 0.025182 4.340000 -0.007257 -0.025028 0.999660 0.926900 0.000000 0.000000 0.000000 1.000000
0.999794 -0.018703 0.007925 0.000000 0.018502 0.999521 0.024798 4.340000 -0.008385 -0.024646 0.999661 0.926900 0.000000 0.000000 0.000000 1.000000
0.999826 -0.016499 0.008759 0.000000 0.016280 0.999567 0.024504 4.340000 -0.009160 -0.024357 0.999661 0.926900 0.000000 0.000000 0.000000 1.000000
0.999839 -0.015516 0.009063 -0.000000 0.015294 0.999595 0.024017 4.340000 -0.009432 -0.023874 0.999670 0.926900 0.000000 0.000000 0.000000 1.000000
0.999850 -0.014838 0.008951 0.000000 0.014627 0.999622 0.023270 4.340000 -0.009293 -0.023136 0.999689 0.926900 0.000000 0.000000 0.000000 1.000000
0.999870 -0.013581 0.008638 0.000000 0.013385 0.999661 0.022321 4.340000 -0.008938 -0.022203 0.999714 0.926900 0.000000 0.000000 0.000000 1.000000
0.999895 -0.011921 0.008278 -0.000000 0.011743 0.999708 0.021132 4.340000 -0.008528 -0.021033 0.999742 0.926900 0.000000 0.000000 0.000000 1.000000
0.999905 -0.011272 0.007955 0.000000 0.011113 0.999743 0.019784 4.340000 -0.008176 -0.019694 0.999773 0.926900 0.000000 0.000000 0.000000 1.000000
0.999883 -0.013227 0.007720 0.000000 0.013081 0.999739 0.018724 4.340000 -0.007965 -0.018620 0.999795 0.926900 0.000000 0.000000 0.000000 1.000000
0.999809 -0.018006 0.007591 0.000000 0.017864 0.999671 0.018431 4.340000 -0.007920 -0.018292 0.999801 0.926900 0.000000 0.000000 0.000000 1.000000
0.999687 -0.023871 0.007548 0.000000 0.023726 0.999543 0.018736 4.340000 -0.007992 -0.018551 0.999796 0.926900 0.000000 0.000000 0.000000 1.000000
0.999571 -0.028297 0.007546 0.000000 0.028152 0.999427 0.018768 4.340000 -0.008072 -0.018548 0.999795 0.926900 0.000000 0.000000 0.000000 1.000000
0.999524 -0.029912 0.007544 -0.000000 0.029773 0.999395 0.017978 4.340000 -0.008078 -0.017745 0.999810 0.926900 0.000000 0.000000 0.000000 1.000000
0.999547 -0.029141 0.007562 -0.000000 0.029008 0.999434 0.017061 4.340000 -0.008055 -0.016834 0.999826 0.926900 0.000000 0.000000 0.000000 1.000000
0.999603 -0.027091 0.007698 0.000000 0.026953 0.999484 0.017484 4.340000 -0.008168 -0.017269 0.999818 0.926900 0.000000 0.000000 0.000000 1.000000
0.999669 -0.024453 0.008035 -0.000000 0.024289 0.999506 0.019948 4.340000 -0.008519 -0.019746 0.999769 0.926900 0.000000 0.000000 0.000000 1.000000
0.999731 -0.021566 0.008512 0.000000 0.021359 0.999490 0.023722 4.340000 -0.009020 -0.023534 0.999682 0.926900 0.000000 0.000000 0.000000 1.000000
0.999781 -0.018899 0.008978 0.000000 0.018646 0.999449 0.027459 4.340000 -0.009492 -0.027286 0.999583 0.926900 0.000000 0.000000 0.000000 1.000000
0.999813 -0.016955 0.009313 0.000000 0.016667 0.999406 0.030175 4.340000 -0.009819 -0.030014 0.999501 0.926900 0.000000 0.000000 0.000000 1.000000
0.999826 -0.016062 0.009465 -0.000000 0.015757 0.999381 0.031444 4.340000 -0.009965 -0.031290 0.999461 0.926900 0.000000 0.000000 0.000000 1.000000</float_array><technique_common><accessor source="#swat_Neck1-Matrix-animation-output-transform-array" count="31" stride="16"><param type="float4x4"/></accessor></technique_common></source><source id="swat_Neck1-Interpolations"><Name_array id="swat_Neck1-Interpolations-array" count="31">
 LINEAR LINEAR LINEAR LINEAR LINEAR LINEAR LINEAR LINEAR LINEAR LINEAR LINEAR
LINEAR LINEAR LINEAR LINEAR LINEAR LINEAR LINEAR LINEAR LINEAR LINEAR LINEAR LINEAR
LINEAR LINEAR LINEAR LINEAR LINEAR LINEAR LINEAR LINEAR</Name_array><technique_common><accessor source="#swat_Neck1-Interpolations-array" count="31"><param type="name"/></accessor></technique_common></source><sampler id="swat_Neck1-Matrix-animation-transform"><input semantic="INPUT" source="#swat_Neck1-Matrix-animation-input"/><input semantic="OUTPUT" source="#swat_Neck1-Matrix-animation-output-transform"/><input semantic="INTERPOLATION" source="#swat_Neck1-Interpolations"/></sampler><channel source="#swat_Neck1-Matrix-animation-transform" target="swat_Neck1/matrix"/></animation>
    <animation id="swat_Head-anim" name="swat_Head"><source id="swat_Head-Matrix-animation-input"><float_array id="swat_Head-Matrix-animation-input-array" count="31">

0.000000 0.033333 0.066667 0.100000 0.133333 0.166667 0.200000 0.233333 0.266667 0.300000 0.333333 0.366667 0.400000 0.433333 0.466667 0.500000
0.533333 0.566667 0.600000 0.633333 0.666667 0.700000 0.733333 0.766667 0.800000 0.833333 0.866667 0.900000 0.933333 0.966667 1.000000</float_array><technique_common><accessor source="#swat_Head-Matrix-animation-input-array" count="31"><param name="TIME" type="float"/></accessor></technique_common></source><source id="swat_Head-Matrix-animation-output-transform"><float_array id="swat_Head-Matrix-animation-output-transform-array" count="496">

0.999826 -0.016062 0.009465 0.000000 0.015757 0.999381 0.031447 4.026600 -0.009965 -0.031292 0.999461 0.858500 0.000000 0.000000 0.000000 1.000000
