<?xml version="1.0" encoding="utf-8"?>
<COLLADA xmlns="http://www.collada.org/2005/11/COLLADASchema" version="1.4.1">
  <asset><contributor><author>Mixamo</author><authoring_tool>COLLADA Mixamo exporter</authoring_tool><comments></comments></contributor><created>2018-12-20T18:30:17Z</created><modified>2018-12-20T18:30:17Z</modified><revision></revision><title></title><unit meter="0.010000"/><up_axis>Y_UP</up_axis></asset>
  <library_animations>
    <animation id="swat_Hips-anim" name="swat_Hips"><source id="swat_Hips-Matrix-animation-input"><float_array id="swat_Hips-Matrix-animation-input-array" count="118">

0.000000 0.033333 0.066667 0.100000 0.133333 0.166667 0.200000 0.233333 0.266667 0.300000 0.333333 0.366667 0.400000 0.433333 0.466667 0.500000
0.533333 0.566667 0.600000 0.633333 0.666667 0.700000 0.733333 0.766667 0.800000 0.833333 0.866667 0.900000 0.933333 0.966667 1.000000 1.033333
1.066667 1.100000 1.133333 1.166667 1.200000 1.233333 1.266667 1.300000 1.333333 1.366667 1.400000 1.433333 1.466667 1.500000 1.533333 1.566667
1.600000 1.633333 1.666667 1.700000 1.733333 1.766667 1.800000 1.833333 1.866667 1.900000 1.933333 1.966667 2.000000 2.033333 2.066667 2.100000
2.133333 2.166667 2.200000 2.233333 2.266667 2.300000 2.333333 2.366667 2.400000 2.433333 2.466667 2.500000 2.533333 2.566667 2.600000 2.633333
2.666667 2.700000 2.733333 2.766667 2.800000 2.833333 2.866667 2.900000 2.933333 2.966667 3.000000 3.033333 3.066667 3.100000 3.133333 3.166667
3.200000 3.233333 3.266667 3.300000 3.333333 3.366667 3.400000 3.433333 3.466667 3.500000 3.533333 3.566667 3.600000 3.633333 3.666667 3.700000
3.733333 3.766667 3.800000 3.833333 3.866667 3.900000</float_array><technique_common><accessor source="#swat_Hips-Matrix-animation-input-array" count="118"><param name="TIME" type="float"/></accessor></technique_common></source><source id="swat_Hips-Matrix-animation-output-transform"><float_array id="swat_Hips-Matrix-animation-output-transform-array" count="1888">

0.886484 -0.240241 0.395514 2.137347 0.147572 0.956822 0.250428 40.519440 -0.438599 -0.163633 0.883660 1.628517 0.000000 0.000000 0.000000 1.000000
0.886642 -0.240550 0.394970 2.137062 0.147769 0.956662 0.250922 40.518772 -0.438212 -0.164113 0.883763 1.621910 0.000000 0.000000 0.000000 1.000000
0.886783 -0.240805 0.394499 2.137999 0.147922 0.956524 0.251359 40.517540 -0.437876 -0.164546 0.883849 1.616648 0.000000 0.000000 0.000000 1.000000
0.886878 -0.241012 0.394159 2.139811 0.148041 0.956414 0.251708 40.515938 -0.437644 -0.164882 0.883901 1.612347 0.000000 0.000000 0.000000 1.000000
0.886882 -0.241145 0.394068 2.142618 0.148106 0.956352 0.251903 40.513985 -0.437613 -0.165044 0.883886 1.609255 0.000000 0.000000 0.000000 1.000000
0.886787 -0.241155 0.394275 2.146588 0.148069 0.956355 0.251914 40.512119 -0.437817 -0.165014 0.883791 1.607735 0.000000 0.000000 0.000000 1.000000
0.886643 -0.241010 0.394688 2.150306 0.147910 0.956422 0.251752 40.510822 -0.438163 -0.164836 0.883653 1.606742 0.000000 0.000000 0.000000 1.000000
0.886521 -0.240737 0.395128 2.153231 0.147665 0.956533 0.251475 40.508663 -0.438492 -0.164592 0.883535 1.604735 0.000000 0.000000 0.000000 1.000000
0.886444 -0.240406 0.395502 2.156395 0.147400 0.956663 0.251137 40.502205 -0.438737 -0.164322 0.883464 1.600095 0.000000 0.000000 0.000000 1.000000
0.886371 -0.240032 0.395893 2.159279 0.147117 0.956811 0.250739 40.490898 -0.438980 -0.164005 0.883402 1.592353 0.000000 0.000000 0.000000 1.000000
0.886341 -0.239628 0.396205 2.162598 0.146798 0.956954 0.250377 40.479923 -0.439147 -0.163757 0.883365 1.584701 0.000000 0.000000 0.000000 1.000000
0.886399 -0.239108 0.396389 2.165659 0.146357 0.957105 0.250059 40.474049 -0.439177 -0.163638 0.883372 1.580400 0.000000 0.000000 0.000000 1.000000
0.886581 -0.238200 0.396530 2.164824 0.145567 0.957340 0.249619 40.474010 -0.439073 -0.163585 0.883433 1.579752 0.000000 0.000000 0.000000 1.000000
0.886926 -0.236600 0.396714 2.160647 0.144108 0.957721 0.249005 40.481201 -0.438856 -0.163679 0.883524 1.585827 0.000000 0.000000 0.000000 1.000000
0.887248 -0.235015 0.396937 2.157969 0.142521 0.958047 0.248665 40.497288 -0.438724 -0.164055 0.883520 1.597941 0.000000 0.000000 0.000000 1.000000
0.887602 -0.233487 0.397048 2.161479 0.140847 0.958294 0.248666 40.518551 -0.438549 -0.164794 0.883469 1.611016 0.000000 0.000000 0.000000 1.000000
0.888181 -0.231870 0.396701 2.179825 0.138955 0.958456 0.249104 40.540222 -0.437980 -0.166126 0.883502 1.621628 0.000000 0.000000 0.000000 1.000000
0.889171 -0.229928 0.395611 2.222029 0.136543 0.958519 0.250196 40.559525 -0.436728 -0.168449 0.883682 1.629492 0.000000 0.000000 0.000000 1.000000
0.890640 -0.227718 0.393579 2.297305 0.133477 0.958361 0.252443 40.578793 -0.434677 -0.172302 0.883950 1.636426 0.000000 0.000000 0.000000 1.000000
0.892669 -0.226183 0.389850 2.419010 0.130564 0.957646 0.256645 40.604675 -0.431387 -0.178199 0.884393 1.649269 0.000000 0.000000 0.000000 1.000000
0.895208 -0.226193 0.383979 2.580328 0.128908 0.956215 0.262748 40.638268 -0.426598 -0.185716 0.885169 1.684242 0.000000 0.000000 0.000000 1.000000
0.898003 -0.227918 0.376355 2.745841 0.129195 0.954259 0.269627 40.669086 -0.420593 -0.193503 0.886374 1.754600 0.000000 0.000000 0.000000 1.000000
0.900731 -0.231081 0.367811 2.874198 0.131536 0.952100 0.276050 40.689735 -0.413983 -0.200266 0.887982 1.855778 0.000000 0.000000 0.000000 1.000000
0.903416 -0.235161 0.358523 2.946084 0.135452 0.949885 0.281729 40.717705 -0.406807 -0.205956 0.889994 1.978930 0.000000 0.000000 0.000000 1.000000
0.906238 -0.239766 0.348202 2.967328 0.140400 0.947565 0.287070 40.785374 -0.398774 -0.211266 0.892382 2.122015 0.000000 0.000000 0.000000 1.000000
0.908947 -0.244665 0.337572 2.951561 0.145862 0.945146 0.292274 40.901798 -0.390564 -0.216422 0.894774 2.283172 0.000000 0.000000 0.000000 1.000000
0.911390 -0.249986 0.326918 2.928218 0.151634 0.942462 0.297947 41.039421 -0.382590 -0.221974 0.896857 2.453263 0.000000 0.000000 0.000000 1.000000
0.913645 -0.255450 0.316223 2.918066 0.157310 0.939462 0.304407 41.162437 -0.374841 -0.228375 0.898520 2.618690 0.000000 0.000000 0.000000 1.000000
0.915675 -0.260597 0.305988 2.906672 0.162559 0.936396 0.311026 41.263107 -0.367579 -0.235058 0.899796 2.771135 0.000000 0.000000 0.000000 1.000000
0.917132 -0.265603 0.297194 2.855386 0.167842 0.933645 0.316443 41.364525 -0.361522 -0.240339 0.900855 2.904199 0.000000 0.000000 0.000000 1.000000
0.917770 -0.270742 0.290512 2.742614 0.173697 0.931556 0.319426 41.483021 -0.357111 -0.242699 0.901981 3.005519 0.000000 0.000000 0.000000 1.000000
0.917947 -0.275472 0.285462 2.596136 0.179679 0.930254 0.319911 41.594780 -0.353679 -0.242370 0.903420 3.059438 0.000000 0.000000 0.000000 1.000000
0.918352 -0.278925 0.280767 2.474571 0.184700 0.929492 0.319265 41.658825 -0.350022 -0.241340 0.905119 3.061221 0.000000 0.000000 0.000000 1.000000
0.918990 -0.281434 0.276137 2.408278 0.188520 0.928757 0.319172 41.670803 -0.346290 -0.241259 0.906574 3.027031 0.000000 0.000000 0.000000 1.000000
0.918951 -0.284473 0.273137 2.372465 0.192095 0.927751 0.319966 41.667896 -0.344424 -0.241565 0.907204 2.981553 0.000000 0.000000 0.000000 1.000000
0.917744 -0.288381 0.273099 2.326733 0.195854 0.926786 0.320481 41.681286 -0.345525 -0.240631 0.907033 2.938545 0.000000 0.000000 0.000000 1.000000
0.916010 -0.291786 0.275293 2.261373 0.199036 0.926402 0.319630 41.709339 -0.348296 -0.237991 0.906670 2.895404 0.000000 0.000000 0.000000 1.000000
0.914445 -0.293859 0.278274 2.191134 0.201146 0.926657 0.317563 41.736954 -0.351184 -0.234420 0.906486 2.845320 0.000000 0.000000 0.000000 1.000000
0.912996 -0.295319 0.281470 2.128562 0.202698 0.927112 0.315242 41.755123 -0.354051 -0.230761 0.906310 2.791410 0.000000 0.000000 0.000000 1.000000
0.911550 -0.297013 0.284360 2.082592 0.204368 0.927342 0.313481 41.760998 -0.356807 -0.227639 0.906018 2.743201 0.000000 0.000000 0.000000 1.000000
0.910352 -0.298642 0.286482 2.054797 0.205979 0.927407 0.312233 41.753651 -0.358931 -0.225233 0.905781 2.704836 0.000000 0.000000 0.000000 1.000000
0.909544 -0.299594 0.288052 2.038241 0.207042 0.927584 0.311002 41.737114 -0.360366 -0.223231 0.905706 2.675857 0.000000 0.000000 0.000000 1.000000
0.908897 -0.299894 0.289775 2.026045 0.207509 0.927976 0.309517 41.720360 -0.361727 -0.221188 0.905665 2.655181 0.000000 0.000000 0.000000 1.000000
0.908510 -0.300013 0.290865 2.024272 0.207515 0.928104 0.309127 41.716419 -0.362695 -0.220486 0.905449 2.649363 0.000000 0.000000 0.000000 1.000000
0.908121 -0.300131 0.291954 2.019161 0.207521 0.928233 0.308738 41.712746 -0.363663 -0.219785 0.905231 2.645021 0.000000 0.000000 0.000000 1.000000
0.908115 -0.300143 0.291962 2.012779 0.207536 0.928233 0.308727 41.713238 -0.363671 -0.219767 0.905233 2.647731 0.000000 0.000000 0.000000 1.000000
0.908095 -0.300180 0.291984 2.007174 0.207580 0.928233 0.308696 41.713627 -0.363693 -0.219715 0.905236 2.649838 0.000000 0.000000 0.000000 1.000000
0.908064 -0.300235 0.292024 2.002336 0.207648 0.928235 0.308645 41.713943 -0.363733 -0.219631 0.905240 2.651381 0.000000 0.000000 0.000000 1.000000
0.908022 -0.300304 0.292086 1.998266 0.207730 0.928240 0.308575 41.714146 -0.363792 -0.219518 0.905244 2.652394 0.000000 0.000000 0.000000 1.000000
0.907969 -0.300380 0.292171 1.994955 0.207822 0.928248 0.308488 41.714260 -0.363871 -0.219378 0.905246 2.652910 0.000000 0.000000 0.000000 1.000000
0.907907 -0.300459 0.292284 1.992414 0.207916 0.928262 0.308385 41.714302 -0.363973 -0.219214 0.905245 2.652973 0.000000 0.000000 0.000000 1.000000
0.907835 -0.300536 0.292427 1.990640 0.208007 0.928281 0.308266 41.714249 -0.364099 -0.219028 0.905239 2.652582 0.000000 0.000000 0.000000 1.000000
0.907755 -0.300606 0.292603 1.989650 0.208089 0.928306 0.308134 41.714115 -0.364252 -0.218823 0.905228 2.651778 0.000000 0.000000 0.000000 1.000000
0.907668 -0.300663 0.292816 1.989480 0.208153 0.928341 0.307987 41.713882 -0.364433 -0.218600 0.905209 2.650579 0.000000 0.000000 0.000000 1.000000
0.907573 -0.300702 0.293069 1.990156 0.208195 0.928384 0.307829 41.713581 -0.364646 -0.218361 0.905181 2.649009 0.000000 0.000000 0.000000 1.000000
0.907471 -0.300719 0.293367 1.991735 0.208207 0.928438 0.307658 41.713196 -0.364892 -0.218110 0.905142 2.647093 0.000000 0.000000 0.000000 1.000000
0.907363 -0.300707 0.293713 1.994265 0.208182 0.928503 0.307478 41.712727 -0.365174 -0.217848 0.905091 2.644838 0.000000 0.000000 0.000000 1.000000
0.907250 -0.300660 0.294111 1.997834 0.208114 0.928581 0.307287 41.712173 -0.365495 -0.217578 0.905027 2.642263 0.000000 0.000000 0.000000 1.000000
0.907131 -0.300573 0.294566 2.002554 0.207993 0.928674 0.307088 41.711525 -0.365859 -0.217301 0.904946 2.639397 0.000000 0.000000 0.000000 1.000000
0.907007 -0.300439 0.295083 2.008558 0.207813 0.928783 0.306881 41.710796 -0.366267 -0.217021 0.904848 2.636252 0.000000 0.000000 0.000000 1.000000
0.906880 -0.300251 0.295667 2.016039 0.207563 0.928910 0.306667 41.709965 -0.366725 -0.216740 0.904730 2.632857 0.000000 0.000000 0.000000 1.000000
0.906748 -0.300002 0.296324 2.025224 0.207236 0.929055 0.306446 41.709023 -0.367235 -0.216461 0.904590 2.629210 0.000000 0.000000 0.000000 1.000000
0.906711 -0.298827 0.297620 2.040070 0.206322 0.929750 0.304953 41.701035 -0.367841 -0.215099 0.904669 2.625879 0.000000 0.000000 0.000000 1.000000
0.906496 -0.297441 0.299657 2.070161 0.204862 0.930440 0.303831 41.687996 -0.369185 -0.214033 0.904374 2.624704 0.000000 0.000000 0.000000 1.000000
0.906608 -0.295573 0.301162 2.106529 0.203014 0.931192 0.302765 41.663902 -0.369929 -0.213349 0.904232 2.626006 0.000000 0.000000 0.000000 1.000000
0.906802 -0.293372 0.302725 2.146196 0.200868 0.932048 0.301559 41.633987 -0.370623 -0.212646 0.904113 2.630557 0.000000 0.000000 0.000000 1.000000
0.906993 -0.290834 0.304596 2.188629 0.198371 0.933026 0.300186 41.611359 -0.371500 -0.211844 0.903941 2.641824 0.000000 0.000000 0.000000 1.000000
0.907369 -0.287594 0.306548 2.228117 0.195208 0.934193 0.298625 41.607220 -0.372257 -0.211123 0.903798 2.660028 0.000000 0.000000 0.000000 1.000000
0.908122 -0.283174 0.308426 2.256809 0.190999 0.935677 0.296695 41.620770 -0.372603 -0.210527 0.903795 2.680352 0.000000 0.000000 0.000000 1.000000
0.909151 -0.277597 0.310459 2.275270 0.185778 0.937503 0.294234 41.638184 -0.372735 -0.209827 0.903903 2.694068 0.000000 0.000000 0.000000 1.000000
0.910105 -0.271385 0.313145 2.291524 0.179933 0.939554 0.291311 41.641212 -0.373274 -0.208778 0.903924 2.691717 0.000000 0.000000 0.000000 1.000000
0.910572 -0.265197 0.317063 2.310997 0.173908 0.941655 0.288169 41.618744 -0.374986 -0.207258 0.903565 2.669638 0.000000 0.000000 0.000000 1.000000
0.910287 -0.259947 0.322189 2.335996 0.168493 0.943537 0.285215 41.569389 -0.378138 -0.205340 0.902689 2.630480 0.000000 0.000000 0.000000 1.000000
0.909256 -0.256011 0.328194 2.357807 0.164131 0.945114 0.282525 41.496460 -0.382510 -0.203021 0.901370 2.573557 0.000000 0.000000 0.000000 1.000000
0.907706 -0.253114 0.334668 2.367189 0.160650 0.946439 0.280080 41.412342 -0.387635 -0.200467 0.899751 2.498117 0.000000 0.000000 0.000000 1.000000
0.905735 -0.251269 0.341332 2.366982 0.158047 0.947465 0.278086 41.336811 -0.393275 -0.197926 0.897864 2.411466 0.000000 0.000000 0.000000 1.000000
0.903515 -0.250310 0.347859 2.361966 0.156159 0.948186 0.276690 41.279831 -0.399094 -0.195672 0.895788 2.326302 0.000000 0.000000 0.000000 1.000000
0.901485 -0.249633 0.353564 2.349451 0.154540 0.948710 0.275801 41.234077 -0.404279 -0.193991 0.893826 2.251878 0.000000 0.000000 0.000000 1.000000
0.899985 -0.248775 0.357964 2.320755 0.152942 0.949167 0.275121 41.187862 -0.408210 -0.192857 0.892284 2.187752 0.000000 0.000000 0.000000 1.000000
0.899106 -0.247369 0.361134 2.269473 0.151138 0.949709 0.274244 41.134922 -0.410812 -0.191993 0.891276 2.126476 0.000000 0.000000 0.000000 1.000000
0.898695 -0.245455 0.363455 2.201890 0.149188 0.950391 0.272947 41.071743 -0.412421 -0.191073 0.890730 2.059741 0.000000 0.000000 0.000000 1.000000
0.898364 -0.243351 0.365681 2.131691 0.147295 0.951202 0.271142 40.996220 -0.413820 -0.189721 0.890370 1.984792 0.000000 0.000000 0.000000 1.000000
0.897784 -0.241480 0.368335 2.073808 0.145732 0.952061 0.268963 40.913418 -0.415627 -0.187793 0.889937 1.905665 0.000000 0.000000 0.000000 1.000000
0.896991 -0.239936 0.371265 2.036463 0.144529 0.952899 0.266638 40.833534 -0.417754 -0.185513 0.889419 1.829826 0.000000 0.000000 0.000000 1.000000
0.896161 -0.238678 0.374070 2.019890 0.143654 0.953670 0.264344 40.763004 -0.419832 -0.183159 0.888928 1.762827 0.000000 0.000000 0.000000 1.000000
0.895136 -0.238207 0.376813 2.021553 0.143545 0.954264 0.262251 40.702446 -0.422049 -0.180660 0.888390 1.705794 0.000000 0.000000 0.000000 1.000000
0.893549 -0.239026 0.380049 2.037209 0.144629 0.954620 0.260352 40.650364 -0.425033 -0.177671 0.887570 1.657779 0.000000 0.000000 0.000000 1.000000
0.891386 -0.240751 0.384019 2.063448 0.146584 0.954859 0.258375 40.604645 -0.428888 -0.174021 0.886438 1.622210 0.000000 0.000000 0.000000 1.000000
0.888985 -0.241970 0.388789 2.094492 0.148214 0.955335 0.255673 40.563812 -0.433289 -0.169665 0.885141 1.606407 0.000000 0.000000 0.000000 1.000000
0.886724 -0.241921 0.393947 2.128895 0.148889 0.956189 0.252061 40.530373 -0.437667 -0.164854 0.883895 1.614368 0.000000 0.000000 0.000000 1.000000
0.884833 -0.240936 0.398774 2.165283 0.148879 0.957248 0.248016 40.505398 -0.441482 -0.160083 0.882874 1.639378 0.000000 0.000000 0.000000 1.000000
0.883400 -0.239479 0.402808 2.198059 0.148478 0.958313 0.244113 40.482105 -0.444475 -0.155841 0.882131 1.667008 0.000000 0.000000 0.000000 1.000000
0.882517 -0.237927 0.405653 2.230955 0.147830 0.959203 0.240988 40.452667 -0.446441 -0.152708 0.881686 1.689121 0.000000 0.000000 0.000000 1.000000
0.882117 -0.236326 0.407455 2.267930 0.146820 0.959885 0.238883 40.417397 -0.447564 -0.150900 0.881428 1.707595 0.000000 0.000000 0.000000 1.000000
0.881987 -0.234795 0.408621 2.306240 0.145597 0.960393 0.237583 40.384186 -0.448220 -0.150052 0.881240 1.726701 0.000000 0.000000 0.000000 1.000000
0.881951 -0.233501 0.409438 2.337342 0.144507 0.960787 0.236658 40.361408 -0.448643 -0.149554 0.881109 1.749152 0.000000 0.000000 0.000000 1.000000
0.881950 -0.232536 0.409989 2.357892 0.143762 0.961096 0.235855 40.352230 -0.448883 -0.149071 0.881068 1.776750 0.000000 0.000000 0.000000 1.000000
0.881992 -0.231901 0.410257 2.373501 0.143315 0.961304 0.235278 40.352715 -0.448943 -0.148717 0.881098 1.808486 0.000000 0.000000 0.000000 1.000000
0.882118 -0.231433 0.410252 2.389260 0.142884 0.961406 0.235124 40.354576 -0.448834 -0.148788 0.881141 1.837918 0.000000 0.000000 0.000000 1.000000
0.882392 -0.230959 0.409929 2.405461 0.142260 0.961418 0.235453 40.351631 -0.448493 -0.149445 0.881204 1.857584 0.000000 0.000000 0.000000 1.000000
0.882830 -0.230479 0.409256 2.419220 0.141500 0.961355 0.236166 40.344208 -0.447872 -0.150584 0.881326 1.867983 0.000000 0.000000 0.000000 1.000000
0.883357 -0.230116 0.408322 2.427235 0.140820 0.961233 0.237069 40.337200 -0.447046 -0.151916 0.881516 1.875705 0.000000 0.000000 0.000000 1.000000
0.883858 -0.229964 0.407323 2.427001 0.140391 0.961075 0.237961 40.334480 -0.446190 -0.153139 0.881738 1.883045 0.000000 0.000000 0.000000 1.000000
0.884242 -0.230070 0.406428 2.417444 0.140272 0.960894 0.238761 40.336891 -0.445466 -0.154112 0.881935 1.886089 0.000000 0.000000 0.000000 1.000000
0.884456 -0.230427 0.405759 2.400119 0.140429 0.960695 0.239467 40.344147 -0.444991 -0.154818 0.882051 1.881362 0.000000 0.000000 0.000000 1.000000
0.884509 -0.230945 0.405350 2.377389 0.140763 0.960494 0.240078 40.355648 -0.444781 -0.155293 0.882073 1.868663 0.000000 0.000000 0.000000 1.000000
0.884477 -0.231610 0.405040 2.350997 0.141246 0.960275 0.240669 40.369938 -0.444691 -0.155655 0.882055 1.849832 0.000000 0.000000 0.000000 1.000000
0.884410 -0.232458 0.404700 2.321517 0.141899 0.960013 0.241328 40.386002 -0.444615 -0.156006 0.882031 1.827422 0.000000 0.000000 0.000000 1.000000
0.884346 -0.233424 0.404285 2.289669 0.142649 0.959713 0.242079 40.404869 -0.444504 -0.156410 0.882016 1.803893 0.000000 0.000000 0.000000 1.000000
0.884360 -0.234405 0.403684 2.258495 0.143401 0.959386 0.242930 40.427536 -0.444233 -0.156949 0.882057 1.780771 0.000000 0.000000 0.000000 1.000000
0.884475 -0.235310 0.402907 2.228995 0.144088 0.959059 0.243812 40.451775 -0.443783 -0.157592 0.882169 1.757082 0.000000 0.000000 0.000000 1.000000
0.884671 -0.236185 0.401962 2.201557 0.144755 0.958723 0.244739 40.473507 -0.443174 -0.158328 0.882343 1.732052 0.000000 0.000000 0.000000 1.000000
0.884956 -0.237087 0.400802 2.177705 0.145430 0.958351 0.245791 40.490578 -0.442383 -0.159225 0.882578 1.706920 0.000000 0.000000 0.000000 1.000000
0.885320 -0.237987 0.399462 2.159436 0.146079 0.957951 0.246964 40.503258 -0.441439 -0.160289 0.882858 1.683431 0.000000 0.000000 0.000000 1.000000
0.885698 -0.238798 0.398139 2.147960 0.146641 0.957567 0.248117 40.511990 -0.440495 -0.161373 0.883133 1.663588 0.000000 0.000000 0.000000 1.000000
0.886019 -0.239424 0.397048 2.141695 0.147055 0.957254 0.249078 40.516911 -0.439711 -0.162299 0.883353 1.648435 0.000000 0.000000 0.000000 1.000000
0.886272 -0.239872 0.396212 2.138556 0.147338 0.957018 0.249817 40.518963 -0.439106 -0.163029 0.883520 1.637297 0.000000 0.000000 0.000000 1.000000
0.886484 -0.240241 0.395514 2.137343 0.147573 0.956822 0.250428 40.519428 -0.438599 -0.163633 0.883660 1.628511 0.000000 0.000000 0.000000 1.000000</float_array><technique_common><accessor source="#swat_Hips-Matrix-animation-output-transform-array" count="118" stride="16"><param type="float4x4"/></accessor></technique_common></source><source id="swat_Hips-Interpolations"><Name_array id="swat_Hips-Interpolations-array" count="118">
 LINEAR LINEAR LINEAR LINEAR LINEAR LINEAR LINEAR LINEAR LINEAR LINEAR LINEAR
LINEAR LINEAR LINEAR LINEAR LINEAR LINEAR LINEAR LINEAR LINEAR LINEAR LINEAR LINEAR
LINEAR LINEAR LINEAR LINEAR LINEAR LINEAR LINEAR LINEAR LINEAR LINEAR LINEAR LINEAR
LINEAR LINEAR LINEAR LINEAR LINEAR LINEAR LINEAR LINEAR LINEAR LINEAR LINEAR LINEAR
LINEAR LINEAR LINEAR LINEAR LINEAR LINEAR LINEAR LINEAR LINEAR LINEAR LINEAR LINEAR
LINEAR LINEAR LINEAR LINEAR LINEAR LINEAR LINEAR LINEAR LINEAR LINEAR LINEAR LINEAR
LINEAR LINEAR LINEAR LINEAR LINEAR LINEAR LINEAR LINEAR LINEAR LINEAR LINEAR LINEAR
LINEAR LINEAR LINEAR LINEAR LINEAR LINEAR LINEAR LINEAR LINEAR LINEAR LINEAR LINEAR
LINEAR LINEAR LINEAR LINEAR LINEAR LINEAR LINEAR LINEAR LINEAR LINEAR LINEAR LINEAR
LINEAR LINEAR LINEAR LINEAR LINEAR LINEAR LINEAR LINEAR LINEAR LINEAR LINEAR</Name_array><technique_common><accessor source="#swat_Hips-Interpolations-array" count="118"><param type="name"/></accessor></technique_common></source><sampler id="swat_Hips-Matrix-animation-transform"><input semantic="INPUT" source="#swat_Hips-Matrix-animation-input"/><input semantic="OUTPUT" source="#swat_Hips-Matrix-animation-output-transform"/><input semantic="INTERPOLATION" source="#swat_Hips-Interpolations"/></sampler><channel source="#swat_Hips-Matrix-animation-transform" target="swat_Hips/matrix"/></animation>
    <animation id="swat_Spine-anim" name="swat_Spine"><source id="swat_Spine-Matrix-animation-input"><float_array id="swat_Spine-Matrix-animation-input-array" count="118">

0.000000 0.033333 0.066667 0.100000 0.133333 0.166667 0.200000 0.233333 0.266667 0.300000 0.333333 0.366667 0.400000 0.433333 0.466667 0.500000
0.533333 0.566667 0.600000 0.633333 0.666667 0.700000 0.733333 0.766667 0.800000 0.833333 0.866667 0.900000 0.933333 0.966667 1.000000 1.033333
1.066667 1.100000 1.133333 1.166667 1.200000 1.233333 1.266667 1.300000 1.333333 1.366667 1.400000 1.433333 1.466667 1.500000 1.533333 1.566667
1.600000 1.633333 1.666667 1.700000 1.733333 1.766667 1.800000 1.833333 1.866667 1.900000 1.933333 1.966667 2.000000 2.033333 2.066667 2.100000
2.133333 2.166667 2.200000 2.233333 2.266667 2.300000 2.333333 2.366667 2.400000 2.433333 2.466667 2.500000 2.533333 2.566667 2.600000 2.633333
2.666667 2.700000 2.733333 2.766667 2.800000 2.833333 2.866667 2.900000 2.933333 2.966667 3.000000 3.033333 3.066667 3.100000 3.133333 3.166667
3.200000 3.233333 3.266667 3.300000 3.333333 3.366667 3.400000 3.433333 3.466667 3.500000 3.533333 3.566667 3.600000 3.633333 3.666667 3.700000
3.733333 3.766667 3.800000 3.833333 3.866667 3.900000</float_array><technique_common><accessor source="#swat_Spine-Matrix-animation-input-array" count="118"><param name="TIME" type="float"/></accessor></technique_common></source><source id="swat_Spine-Matrix-animation-output-transform"><float_array id="swat_Spine-Matrix-animation-output-transform-array" count="1888">

0.998214 0.033302 -0.049601 -0.000000 -0.040772 0.986574 -0.158145 9.226300 0.043669 0.159885 0.986169 1.577100 0.000000 0.000000 0.000000 1.000000
0.998213 0.033316 -0.049610 0.000000 -0.040786 0.986576 -0.158125 9.226300 0.043676 0.159866 0.986172 1.577100 0.000000 0.000000 0.000000 1.000000
0.998213 0.033294 -0.049625 -0.000000 -0.040766 0.986581 -0.158101 9.226300 0.043695 0.159842 0.986175 1.577100 0.000000 0.000000 0.000000 1.000000
0.998213 0.033265 -0.049635 -0.000000 -0.040738 0.986583 -0.158097 9.226300 0.043710 0.159836 0.986175 1.577100 0.000000 0.000000 0.000000 1.000000
0.998213 0.033269 -0.049633 0.000000 -0.040743 0.986581 -0.158107 9.226300 0.043707 0.159846 0.986174 1.577100 0.000000 0.000000 0.000000 1.000000
0.998214 0.033258 -0.049620 -0.000000 -0.040730 0.986581 -0.158114 9.226300 0.043696 0.159852 0.986173 1.577100 0.000000 0.000000 0.000000 1.000000
0.998215 0.033243 -0.049613 0.000000 -0.040716 0.986576 -0.158146 9.226300 0.043689 0.159884 0.986169 1.577100 0.000000 0.000000 0.000000 1.000000
0.998215 0.033240 -0.049611 0.000000 -0.040714 0.986569 -0.158192 9.226300 0.043687 0.159929 0.986161 1.577100 0.000000 0.000000 0.000000 1.000000
0.998215 0.033245 -0.049609 -0.000000 -0.040720 0.986564 -0.158219 9.226300 0.043682 0.159956 0.986157 1.577100 0.000000 0.000000 0.000000 1.000000
0.998213 0.033286 -0.049622 0.000000 -0.040763 0.986560 -0.158233 9.226300 0.043688 0.159973 0.986154 1.577100 0.000000 0.000000 0.000000 1.000000
0.998211 0.033339 -0.049633 0.000000 -0.040819 0.986552 -0.158269 9.226300 0.043689 0.160011 0.986148 1.577100 0.000000 0.000000 0.000000 1.000000
0.998209 0.033392 -0.049632 0.000000 -0.040875 0.986539 -0.158334 9.226300 0.043677 0.160080 0.986137 1.577100 0.000000 0.000000 0.000000 1.000000
0.998204 0.033502 -0.049657 0.000000 -0.040991 0.986521 -0.158420 9.226300 0.043681 0.160171 0.986122 1.577100 0.000000 0.000000 0.000000 1.000000
0.998197 0.033667 -0.049697 0.000000 -0.041164 0.986499 -0.158507 9.226300 0.043690 0.160267 0.986106 1.577100 0.000000 0.000000 0.000000 1.000000
0.998183 0.033965 -0.049768 0.000000 -0.041476 0.986463 -0.158652 9.226300 0.043705 0.160428 0.986079 1.577100 0.000000 0.000000 0.000000 1.000000
0.998156 0.034489 -0.049959 0.000000 -0.042035 0.986402 -0.158882 9.226300 0.043800 0.160689 0.986033 1.577100 0.000000 0.000000 0.000000 1.000000
0.998123 0.035067 -0.050211 0.000000 -0.042658 0.986338 -0.159117 9.226300 0.043945 0.160960 0.985982 1.577100 0.000000 0.000000 0.000000 1.000000
0.998093 0.035504 -0.050496 0.000000 -0.043145 0.986282 -0.159331 9.226300 0.044147 0.161206 0.985933 1.577100 0.000000 0.000000 0.000000 1.000000
0.998058 0.035900 -0.050898 0.000000 -0.043610 0.986231 -0.159522 9.226300 0.044471 0.161432 0.985881 1.577100 0.000000 0.000000 0.000000 1.000000
0.998032 0.036031 -0.051317 0.000000 -0.043830 0.986141 -0.160018 9.226300 0.044840 0.161952 0.985779 1.577100 0.000000 0.000000 0.000000 1.000000
0.997982 0.035953 -0.052331 -0.000000 -0.043938 0.986061 -0.160478 9.226300 0.045832 0.162454 0.985651 1.577100 0.000000 0.000000 0.000000 1.000000
0.997913 0.035853 -0.053700 0.000000 -0.044064 0.986048 -0.160523 9.226300 0.047196 0.162555 0.985570 1.577100 0.000000 0.000000 0.000000 1.000000
0.997886 0.035614 -0.054357 0.000000 -0.043939 0.986043 -0.160588 9.226300 0.047880 0.162637 0.985524 1.577100 0.000000 0.000000 0.000000 1.000000
0.997868 0.035127 -0.055005 0.000000 -0.043571 0.986032 -0.160756 9.226300 0.048590 0.162810 0.985460 1.577100 0.000000 0.000000 0.000000 1.000000
0.997856 0.034238 -0.055783 0.000000 -0.042838 0.986008 -0.161100 9.226300 0.049487 0.163144 0.985360 1.577100 0.000000 0.000000 0.000000 1.000000
0.997836 0.033635 -0.056501 0.000000 -0.042356 0.986038 -0.161042 9.226300 0.050296 0.163087 0.985329 1.577100 0.000000 0.000000 0.000000 1.000000
0.997814 0.033339 -0.057057 0.000000 -0.042128 0.986133 -0.160523 9.226300 0.050914 0.162576 0.985382 1.577100 0.000000 0.000000 0.000000 1.000000
0.997799 0.033074 -0.057475 0.000000 -0.041907 0.986226 -0.160008 9.226300 0.051391 0.162065 0.985441 1.577100 0.000000 0.000000 0.000000 1.000000
0.997736 0.032969 -0.058611 -0.000000 -0.041964 0.986298 -0.159546 9.226300 0.052548 0.161644 0.985449 1.577100 0.000000 0.000000 0.000000 1.000000
0.997745 0.032403 -0.058781 0.000000 -0.041419 0.986359 -0.159313 9.226300 0.052817 0.161389 0.985477 1.577100 0.000000 0.000000 0.000000 1.000000
0.997749 0.032067 -0.058892 -0.000000 -0.041095 0.986403 -0.159126 9.226300 0.052988 0.161188 0.985500 1.577100 0.000000 0.000000 0.000000 1.000000
0.997735 0.032334 -0.058992 0.000000 -0.041362 0.986431 -0.158883 9.226300 0.053054 0.160963 0.985533 1.577100 0.000000 0.000000 0.000000 1.000000
0.997709 0.032848 -0.059144 -0.000000 -0.041882 0.986445 -0.158655 9.226300 0.053131 0.160769 0.985561 1.577100 0.000000 0.000000 0.000000 1.000000
0.997699 0.032893 -0.059291 -0.000000 -0.041947 0.986454 -0.158583 9.226300 0.053272 0.160705 0.985564 1.577100 0.000000 0.000000 0.000000 1.000000
0.997706 0.032580 -0.059334 0.000000 -0.041654 0.986437 -0.158769 9.226300 0.053357 0.160876 0.985531 1.577100 0.000000 0.000000 0.000000 1.000000
0.997712 0.032473 -0.059292 0.000000 -0.041553 0.986409 -0.158970 9.226300 0.053324 0.161070 0.985501 1.577100 0.000000 0.000000 0.000000 1.000000
0.997712 0.032561 -0.059257 0.000000 -0.041632 0.986409 -0.158947 9.226300 0.053276 0.161051 0.985507 1.577100 0.000000 0.000000 0.000000 1.000000
0.997708 0.032650 -0.059269 0.000000 -0.041719 0.986416 -0.158878 9.226300 0.053277 0.160986 0.985518 1.577100 0.000000 0.000000 0.000000 1.000000
0.997703 0.032755 -0.059300 0.000000 -0.041825 0.986417 -0.158846 9.226300 0.053291 0.160962 0.985521 1.577100 0.000000 0.000000 0.000000 1.000000
0.997701 0.032774 -0.059323 -0.000000 -0.041847 0.986419 -0.158828 9.226300 0.053312 0.160945 0.985522 1.577100 0.000000 0.000000 0.000000 1.000000
0.997703 0.032674 -0.059346 0.000000 -0.041755 0.986415 -0.158879 9.226300 0.053349 0.160992 0.985513 1.577100 0.000000 0.000000 0.000000 1.000000
0.997704 0.032584 -0.059375 0.000000 -0.041676 0.986404 -0.158965 9.226300 0.053388 0.161074 0.985497 1.577100 0.000000 0.000000 0.000000 1.000000
0.997703 0.032551 -0.059403 0.000000 -0.041650 0.986399 -0.159005 9.226300 0.053419 0.161113 0.985489 1.577100 0.000000 0.000000 0.000000 1.000000
0.997703 0.032557 -0.059408 0.000000 -0.041656 0.986398 -0.159010 9.226300 0.053424 0.161119 0.985488 1.577100 0.000000 0.000000 0.000000 1.000000
0.997702 0.032561 -0.059412 0.000000 -0.041662 0.986397 -0.159016 9.226300 0.053426 0.161126 0.985487 1.577100 0.000000 0.000000 0.000000 1.000000
0.997701 0.032566 -0.059427 -0.000000 -0.041668 0.986397 -0.159014 9.226300 0.053440 0.161125 0.985486 1.577100 0.000000 0.000000 0.000000 1.000000
0.997700 0.032572 -0.059438 -0.000000 -0.041676 0.986396 -0.159013 9.226300 0.053450 0.161125 0.985486 1.577100 0.000000 0.000000 0.000000 1.000000
0.997700 0.032579 -0.059445 0.000000 -0.041685 0.986396 -0.159014 9.226300 0.053456 0.161126 0.985485 1.577100 0.000000 0.000000 0.000000 1.000000
0.997699 0.032587 -0.059449 0.000000 -0.041693 0.986395 -0.159015 9.226300 0.053459 0.161128 0.985485 1.577100 0.000000 0.000000 0.000000 1.000000
0.997699 0.032596 -0.059450 -0.000000 -0.041702 0.986395 -0.159017 9.226300 0.053458 0.161130 0.985484 1.577100 0.000000 0.000000 0.000000 1.000000
0.997699 0.032604 -0.059448 0.000000 -0.041710 0.986394 -0.159019 9.226300 0.053454 0.161133 0.985484 1.577100 0.000000 0.000000 0.000000 1.000000
0.997699 0.032612 -0.059442 0.000000 -0.041717 0.986393 -0.159022 9.226300 0.053447 0.161136 0.985484 1.577100 0.000000 0.000000 0.000000 1.000000
0.997699 0.032619 -0.059433 -0.000000 -0.041723 0.986392 -0.159026 9.226300 0.053437 0.161140 0.985484 1.577100 0.000000 0.000000 0.000000 1.000000
0.997700 0.032625 -0.059421 0.000000 -0.041727 0.986391 -0.159031 9.226300 0.053424 0.161144 0.985484 1.577100 0.000000 0.000000 0.000000 1.000000
0.997701 0.032629 -0.059406 -0.000000 -0.041728 0.986391 -0.159035 9.226300 0.053408 0.161148 0.985484 1.577100 0.000000 0.000000 0.000000 1.000000
0.997702 0.032630 -0.059388 -0.000000 -0.041726 0.986390 -0.159040 9.226300 0.053390 0.161153 0.985484 1.577100 0.000000 0.000000 0.000000 1.000000
0.997703 0.032628 -0.059367 0.000000 -0.041722 0.986389 -0.159045 9.226300 0.053369 0.161157 0.985485 1.577100 0.000000 0.000000 0.000000 1.000000
0.997704 0.032623 -0.059343 -0.000000 -0.041713 0.986389 -0.159051 9.226300 0.053346 0.161161 0.985485 1.577100 0.000000 0.000000 0.000000 1.000000
0.997706 0.032613 -0.059316 -0.000000 -0.041700 0.986388 -0.159056 9.226300 0.053321 0.161165 0.985486 1.577100 0.000000 0.000000 0.000000 1.000000
0.997709 0.032600 -0.059286 0.000000 -0.041682 0.986388 -0.159062 9.226300 0.053294 0.161169 0.985487 1.577100 0.000000 0.000000 0.000000 1.000000
0.997711 0.032580 -0.059254 0.000000 -0.041658 0.986388 -0.159068 9.226300 0.053265 0.161172 0.985488 1.577100 0.000000 0.000000 0.000000 1.000000
0.997714 0.032556 -0.059217 0.000000 -0.041628 0.986389 -0.159074 9.226300 0.053233 0.161175 0.985489 1.577100 0.000000 0.000000 0.000000 1.000000
0.997718 0.032614 -0.059111 0.000000 -0.041669 0.986385 -0.159085 9.226300 0.053118 0.161185 0.985494 1.577100 0.000000 0.000000 0.000000 1.000000
0.997726 0.032578 -0.059001 0.000000 -0.041614 0.986392 -0.159058 9.226300 0.053016 0.161152 0.985505 1.577100 0.000000 0.000000 0.000000 1.000000
0.997735 0.032482 -0.058900 0.000000 -0.041501 0.986400 -0.159034 9.226300 0.052933 0.161119 0.985515 1.577100 0.000000 0.000000 0.000000 1.000000
0.997743 0.032405 -0.058813 0.000000 -0.041410 0.986409 -0.159004 9.226300 0.052861 0.161081 0.985525 1.577100 0.000000 0.000000 0.000000 1.000000
0.997753 0.032301 -0.058700 -0.000000 -0.041284 0.986427 -0.158927 9.226300 0.052770 0.160994 0.985544 1.577100 0.000000 0.000000 0.000000 1.000000
0.997767 0.032157 -0.058537 0.000000 -0.041111 0.986450 -0.158831 9.226300 0.052636 0.160883 0.985569 1.577100 0.000000 0.000000 0.000000 1.000000
0.997780 0.032038 -0.058377 0.000000 -0.040959 0.986478 -0.158690 9.226300 0.052504 0.160729 0.985601 1.577100 0.000000 0.000000 0.000000 1.000000
0.997796 0.031989 -0.058138 0.000000 -0.040861 0.986517 -0.158478 9.226300 0.052284 0.160504 0.985649 1.577100 0.000000 0.000000 0.000000 1.000000
0.997821 0.031946 -0.057734 0.000000 -0.040748 0.986540 -0.158361 9.226300 0.051898 0.160369 0.985692 1.577100 0.000000 0.000000 0.000000 1.000000
0.997850 0.031870 -0.057262 -0.000000 -0.040605 0.986521 -0.158516 9.226300 0.051438 0.160501 0.985695 1.577100 0.000000 0.000000 0.000000 1.000000
0.997881 0.031913 -0.056700 0.000000 -0.040573 0.986474 -0.158818 9.226300 0.050864 0.160782 0.985678 1.577100 0.000000 0.000000 0.000000 1.000000
0.997911 0.032094 -0.056063 0.000000 -0.040662 0.986428 -0.159078 9.226300 0.050197 0.161025 0.985673 1.577100 0.000000 0.000000 0.000000 1.000000
0.997939 0.032260 -0.055471 0.000000 -0.040741 0.986392 -0.159286 9.226300 0.049578 0.161217 0.985673 1.577100 0.000000 0.000000 0.000000 1.000000
0.997956 0.032541 -0.054992 0.000000 -0.040953 0.986344 -0.159525 9.226300 0.049049 0.161451 0.985661 1.577100 0.000000 0.000000 0.000000 1.000000
0.997991 0.032810 -0.054207 0.000000 -0.041105 0.986294 -0.159793 9.226300 0.048222 0.161700 0.985661 1.577100 0.000000 0.000000 0.000000 1.000000
0.998083 0.032790 -0.052481 -0.000000 -0.040815 0.986274 -0.159994 9.226300 0.046514 0.161829 0.985722 1.577100 0.000000 0.000000 0.000000 1.000000
0.998103 0.032958 -0.052010 0.000000 -0.040889 0.986327 -0.159646 9.226300 0.046038 0.161470 0.985803 1.577100 0.000000 0.000000 0.000000 1.000000
0.998113 0.033145 -0.051700 -0.000000 -0.041006 0.986380 -0.159290 9.226300 0.045716 0.161109 0.985877 1.577100 0.000000 0.000000 0.000000 1.000000
0.998117 0.033245 -0.051553 0.000000 -0.041073 0.986406 -0.159110 9.226300 0.045562 0.160928 0.985914 1.577100 0.000000 0.000000 0.000000 1.000000
0.998114 0.033391 -0.051507 0.000000 -0.041202 0.986429 -0.158934 9.226300 0.045501 0.160757 0.985945 1.577100 0.000000 0.000000 0.000000 1.000000
0.998111 0.033615 -0.051431 -0.000000 -0.041402 0.986454 -0.158730 9.226300 0.045399 0.160559 0.985982 1.577100 0.000000 0.000000 0.000000 1.000000
0.998115 0.033731 -0.051272 -0.000000 -0.041484 0.986476 -0.158567 9.226300 0.045230 0.160395 0.986016 1.577100 0.000000 0.000000 0.000000 1.000000
0.998126 0.033686 -0.051077 -0.000000 -0.041400 0.986505 -0.158412 9.226300 0.045051 0.160230 0.986051 1.577100 0.000000 0.000000 0.000000 1.000000
0.998144 0.033565 -0.050816 -0.000000 -0.041233 0.986531 -0.158292 9.226300 0.044818 0.160094 0.986084 1.577100 0.000000 0.000000 0.000000 1.000000
0.998160 0.033519 -0.050524 -0.000000 -0.041141 0.986536 -0.158285 9.226300 0.044538 0.160073 0.986100 1.577100 0.000000 0.000000 0.000000 1.000000
0.998176 0.033532 -0.050208 0.000000 -0.041103 0.986536 -0.158295 9.226300 0.044225 0.160070 0.986114 1.577100 0.000000 0.000000 0.000000 1.000000
0.998191 0.033508 -0.049919 0.000000 -0.041030 0.986550 -0.158228 9.226300 0.043946 0.159990 0.986140 1.577100 0.000000 0.000000 0.000000 1.000000
0.998211 0.033366 -0.049606 -0.000000 -0.040835 0.986572 -0.158142 9.226300 0.043663 0.159885 0.986170 1.577100 0.000000 0.000000 0.000000 1.000000
0.998231 0.033246 -0.049295 0.000000 -0.040662 0.986601 -0.158002 9.226300 0.043381 0.159727 0.986208 1.577100 0.000000 0.000000 0.000000 1.000000
0.998238 0.033247 -0.049149 -0.000000 -0.040628 0.986644 -0.157745 9.226300 0.043248 0.159464 0.986256 1.577100 0.000000 0.000000 0.000000 1.000000
0.998245 0.033162 -0.049060 0.000000 -0.040520 0.986681 -0.157538 9.226300 0.043182 0.159249 0.986294 1.577100 0.000000 0.000000 0.000000 1.000000
0.998257 0.032973 -0.048954 0.000000 -0.040310 0.986712 -0.157400 9.226300 0.043113 0.159099 0.986321 1.577100 0.000000 0.000000 0.000000 1.000000
0.998270 0.032726 -0.048848 0.000000 -0.040045 0.986737 -0.157310 9.226300 0.043052 0.158994 0.986340 1.577100 0.000000 0.000000 0.000000 1.000000
0.998278 0.032543 -0.048800 0.000000 -0.039854 0.986756 -0.157239 9.226300 0.043036 0.158913 0.986354 1.577100 0.000000 0.000000 0.000000 1.000000
0.998281 0.032476 -0.048784 -0.000000 -0.039782 0.986771 -0.157161 9.226300 0.043035 0.158831 0.986367 1.577100 0.000000 0.000000 0.000000 1.000000
0.998288 0.032408 -0.048697 0.000000 -0.039696 0.986789 -0.157072 9.226300 0.042963 0.158736 0.986386 1.577100 0.000000 0.000000 0.000000 1.000000
0.998295 0.032358 -0.048572 0.000000 -0.039623 0.986808 -0.156972 9.226300 0.042852 0.158629 0.986408 1.577100 0.000000 0.000000 0.000000 1.000000
0.998298 0.032377 -0.048516 0.000000 -0.039631 0.986814 -0.156929 9.226300 0.042796 0.158584 0.986418 1.577100 0.000000 0.000000 0.000000 1.000000
0.998294 0.032431 -0.048544 0.000000 -0.039690 0.986808 -0.156956 9.226300 0.042814 0.158615 0.986412 1.577100 0.000000 0.000000 0.000000 1.000000
0.998290 0.032487 -0.048599 -0.000000 -0.039755 0.986802 -0.156976 9.226300 0.042858 0.158639 0.986406 1.577100 0.000000 0.000000 0.000000 1.000000
0.998285 0.032563 -0.048657 0.000000 -0.039838 0.986801 -0.156962 9.226300 0.042904 0.158631 0.986405 1.577100 0.000000 0.000000 0.000000 1.000000
0.998278 0.032664 -0.048734 0.000000 -0.039951 0.986795 -0.156973 9.226300 0.042963 0.158650 0.986400 1.577100 0.000000 0.000000 0.000000 1.000000
0.998270 0.032783 -0.048813 0.000000 -0.040084 0.986782 -0.157019 9.226300 0.043020 0.158704 0.986388 1.577100 0.000000 0.000000 0.000000 1.000000
0.998261 0.032931 -0.048895 0.000000 -0.040245 0.986766 -0.157078 9.226300 0.043076 0.158772 0.986375 1.577100 0.000000 0.000000 0.000000 1.000000
0.998254 0.033050 -0.048961 0.000000 -0.040377 0.986748 -0.157156 9.226300 0.043118 0.158858 0.986359 1.577100 0.000000 0.000000 0.000000 1.000000
0.998249 0.033143 -0.048996 0.000000 -0.040479 0.986728 -0.157257 9.226300 0.043133 0.158965 0.986342 1.577100 0.000000 0.000000 0.000000 1.000000
0.998244 0.033222 -0.049033 0.000000 -0.040568 0.986705 -0.157375 9.226300 0.043153 0.159088 0.986321 1.577100 0.000000 0.000000 0.000000 1.000000
0.998241 0.033259 -0.049083 0.000000 -0.040617 0.986687 -0.157476 9.226300 0.043192 0.159193 0.986302 1.577100 0.000000 0.000000 0.000000 1.000000
0.998237 0.033294 -0.049136 0.000000 -0.040665 0.986669 -0.157576 9.226300 0.043235 0.159297 0.986284 1.577100 0.000000 0.000000 0.000000 1.000000
0.998233 0.033335 -0.049187 0.000000 -0.040718 0.986649 -0.157689 9.226300 0.043274 0.159413 0.986263 1.577100 0.000000 0.000000 0.000000 1.000000
0.998229 0.033367 -0.049252 -0.000000 -0.040765 0.986632 -0.157782 9.226300 0.043329 0.159510 0.986245 1.577100 0.000000 0.000000 0.000000 1.000000
0.998225 0.033383 -0.049324 -0.000000 -0.040795 0.986616 -0.157874 9.226300 0.043394 0.159606 0.986227 1.577100 0.000000 0.000000 0.000000 1.000000
0.998221 0.033384 -0.049395 -0.000000 -0.040812 0.986600 -0.157974 9.226300 0.043459 0.159708 0.986207 1.577100 0.000000 0.000000 0.000000 1.000000
0.998218 0.033375 -0.049469 0.000000 -0.040819 0.986587 -0.158051 9.226300 0.043530 0.159789 0.986191 1.577100 0.000000 0.000000 0.000000 1.000000
0.998215 0.033350 -0.049550 0.000000 -0.040809 0.986579 -0.158101 9.226300 0.043613 0.159841 0.986179 1.577100 0.000000 0.000000 0.000000 1.000000
