<?xml version="1.0" encoding="utf-8"?>
<COLLADA xmlns="http://www.collada.org/2005/11/COLLADASchema" version="1.4.1">
  <asset><contributor><author>Mixamo</author><authoring_tool>COLLADA Mixamo exporter</authoring_tool><comments></comments></contributor><created>2018-12-20T18:28:06Z</created><modified>2018-12-20T18:28:06Z</modified><revision></revision><title></title><unit meter="0.010000"/><up_axis>Y_UP</up_axis></asset>
  <library_animations>
    <animation id="swat_Hips-anim" name="swat_Hips"><source id="swat_Hips-Matrix-animation-input"><float_array id="swat_Hips-Matrix-animation-input-array" count="84">

0.000000 0.033333 0.066667 0.100000 0.133333 0.166667 0.200000 0.233333 0.266667 0.300000 0.333333 0.366667 0.400000 0.433333 0.466667 0.500000
0.533333 0.566667 0.600000 0.633333 0.666667 0.700000 0.733333 0.766667 0.800000 0.833333 0.866667 0.900000 0.933333 0.966667 1.000000 1.033333
1.066667 1.100000 1.133333 1.166667 1.200000 1.233333 1.266667 1.300000 1.333333 1.366667 1.400000 1.433333 1.466667 1.500000 1.533333 1.566667
1.600000 1.633333 1.666667 1.700000 1.733333 1.766667 1.800000 1.833333 1.866667 1.900000 1.933333 1.966667 2.000000 2.033333 2.066667 2.100000
2.133333 2.166667 2.200000 2.233333 2.266667 2.300000 2.333333 2.366667 2.400000 2.433333 2.466667 2.500000 2.533333 2.566667 2.600000 2.633333
2.666667 2.700000 2.733333 2.766667</float_array><technique_common><accessor source="#swat_Hips-Matrix-animation-input-array" count="84"><param name="TIME" type="float"/></accessor></technique_common></source><source id="swat_Hips-Matrix-animation-output-transform"><float_array id="swat_Hips-Matrix-animation-output-transform-array" count="1344">

0.993883 -0.016427 -0.109211 -2.808093 0.004692 0.994264 -0.106852 96.063393 0.110339 0.105686 0.988259 -2.342897 0.000000 0.000000 0.000000 1.000000
0.993929 -0.016935 -0.108714 -2.920001 0.005229 0.994237 -0.107076 96.038437 0.109901 0.105857 0.988289 -2.413677 0.000000 0.000000 0.000000 1.000000
0.993989 -0.017481 -0.108074 -3.026860 0.005828 0.994219 -0.107212 96.024658 0.109323 0.105938 0.988345 -2.484303 0.000000 0.000000 0.000000 1.000000
0.994069 -0.017873 -0.107275 -3.135854 0.006327 0.994238 -0.107013 96.015450 0.108569 0.105699 0.988454 -2.557884 0.000000 0.000000 0.000000 1.000000
0.994185 -0.017950 -0.106180 -3.252297 0.006606 0.994319 -0.106238 96.006699 0.107483 0.104919 0.988655 -2.638271 0.000000 0.000000 0.000000 1.000000
0.994351 -0.017729 -0.104646 -3.378129 0.006722 0.994491 -0.104610 95.995598 0.105924 0.103316 0.988992 -2.730984 0.000000 0.000000 0.000000 1.000000
0.994580 -0.017439 -0.102501 -3.510456 0.006964 0.994794 -0.101672 95.976555 0.103740 0.100407 0.989523 -2.845763 0.000000 0.000000 0.000000 1.000000
0.994906 -0.017367 -0.099295 -3.641000 0.007719 0.995280 -0.096737 95.937569 0.100507 0.095477 0.990345 -2.996487 0.000000 0.000000 0.000000 1.000000
0.995382 -0.017744 -0.094342 -3.762437 0.009253 0.995927 -0.089684 95.860649 0.095549 0.088397 0.991492 -3.198445 0.000000 0.000000 0.000000 1.000000
0.996022 -0.018172 -0.087240 -3.866314 0.011123 0.996683 -0.080614 95.722008 0.088415 0.079323 0.992920 -3.461504 0.000000 0.000000 0.000000 1.000000
0.996557 -0.016992 -0.081150 -4.030845 0.011290 0.997468 -0.070213 95.562462 0.082137 0.069055 0.994226 -3.709192 0.000000 0.000000 0.000000 1.000000
0.996985 -0.014588 -0.076213 -4.205264 0.010057 0.998178 -0.059494 95.345932 0.076942 0.058548 0.995315 -3.985912 0.000000 0.000000 0.000000 1.000000
0.997187 -0.012507 -0.073908 -4.386649 0.009184 0.998939 -0.045123 95.107788 0.074394 0.044317 0.996244 -4.228667 0.000000 0.000000 0.000000 1.000000
0.997019 -0.010729 -0.076410 -4.578579 0.008115 0.999374 -0.034442 94.896378 0.076731 0.033719 0.996481 -4.422749 0.000000 0.000000 0.000000 1.000000
0.996467 -0.010407 -0.083340 -4.754642 0.008126 0.999584 -0.027666 94.735939 0.083593 0.026891 0.996137 -4.598464 0.000000 0.000000 0.000000 1.000000
0.995578 -0.012312 -0.093131 -4.912938 0.010157 0.999670 -0.023577 94.612892 0.093390 0.022527 0.995375 -4.754593 0.000000 0.000000 0.000000 1.000000
0.994505 -0.015526 -0.103528 -5.038608 0.013381 0.999682 -0.021385 94.493492 0.103827 0.019882 0.994397 -4.853589 0.000000 0.000000 0.000000 1.000000
0.993468 -0.017682 -0.112734 -5.121630 0.015391 0.999658 -0.021166 94.345619 0.113070 0.019293 0.993400 -4.893109 0.000000 0.000000 0.000000 1.000000
0.992569 -0.017119 -0.120472 -5.148813 0.014491 0.999638 -0.022655 94.153236 0.120817 0.020741 0.992458 -4.896328 0.000000 0.000000 0.000000 1.000000
0.991747 -0.014124 -0.127430 -5.096917 0.011045 0.999631 -0.024836 93.922897 0.127734 0.023223 0.991537 -4.857381 0.000000 0.000000 0.000000 1.000000
0.990926 -0.009791 -0.134050 -4.944528 0.006247 0.999620 -0.026832 93.674545 0.134261 0.025751 0.990611 -4.774034 0.000000 0.000000 0.000000 1.000000
0.990053 -0.004519 -0.140619 -4.681233 0.000544 0.999599 -0.028294 93.426888 0.140690 0.027936 0.989659 -4.646416 0.000000 0.000000 0.000000 1.000000
0.988961 0.002224 -0.148160 -4.303237 -0.006621 0.999552 -0.029192 93.197426 0.148029 0.029850 0.988532 -4.471125 0.000000 0.000000 0.000000 1.000000
0.987367 0.010448 -0.158106 -3.804959 -0.015329 0.999442 -0.029687 92.997162 0.157707 0.031736 0.986976 -4.231691 0.000000 0.000000 0.000000 1.000000
0.985088 0.018805 -0.171022 -3.196642 -0.024332 0.999245 -0.030282 92.835304 0.170323 0.033992 0.984802 -3.929672 0.000000 0.000000 0.000000 1.000000
0.982224 0.025679 -0.185950 -2.486273 -0.032128 0.998979 -0.031750 92.696091 0.184945 0.037160 0.982046 -3.587490 0.000000 0.000000 0.000000 1.000000
0.979019 0.030993 -0.201399 -1.681208 -0.038794 0.998637 -0.034906 92.559906 0.200042 0.041987 0.978887 -3.238165 0.000000 0.000000 0.000000 1.000000
0.975460 0.036081 -0.217200 -0.768224 -0.045825 0.998149 -0.039991 92.414589 0.215355 0.048963 0.975307 -2.905174 0.000000 0.000000 0.000000 1.000000
0.970931 0.041299 -0.235770 0.276213 -0.053675 0.997484 -0.046313 92.253685 0.233264 0.057621 0.970705 -2.607503 0.000000 0.000000 0.000000 1.000000
0.964313 0.044878 -0.260932 1.420933 -0.060806 0.996726 -0.053291 92.015488 0.257686 0.067256 0.963885 -2.380406 0.000000 0.000000 0.000000 1.000000
0.955285 0.046084 -0.292073 2.570393 -0.066413 0.995982 -0.060070 91.614548 0.288131 0.076781 0.954508 -2.246977 0.000000 0.000000 0.000000 1.000000
0.946175 0.047766 -0.320111 3.612771 -0.072259 0.995261 -0.065071 91.041611 0.315486 0.084699 0.945143 -2.216079 0.000000 0.000000 0.000000 1.000000
0.941191 0.052202 -0.333818 4.490690 -0.079262 0.994535 -0.067954 90.420219 0.328446 0.090416 0.940185 -2.301591 0.000000 0.000000 0.000000 1.000000
0.942190 0.057980 -0.330026 5.174844 -0.085268 0.993979 -0.068806 89.700340 0.324050 0.092969 0.941461 -2.439489 0.000000 0.000000 0.000000 1.000000
0.946712 0.062585 -0.315941 5.647116 -0.088321 0.993782 -0.067793 88.771866 0.309734 0.092085 0.946354 -2.560567 0.000000 0.000000 0.000000 1.000000
0.951299 0.064325 -0.301485 5.945804 -0.088226 0.993890 -0.066330 87.621735 0.295377 0.089699 0.951161 -2.657372 0.000000 0.000000 0.000000 1.000000
0.954345 0.062465 -0.292102 6.109415 -0.085350 0.994146 -0.066257 86.240829 0.286253 0.088162 0.954089 -2.744784 0.000000 0.000000 0.000000 1.000000
0.955930 0.057645 -0.287879 6.178051 -0.080283 0.994487 -0.067450 84.644005 0.282404 0.087589 0.955288 -2.854823 0.000000 0.000000 0.000000 1.000000
0.957005 0.051790 -0.285410 6.184148 -0.074181 0.994910 -0.068199 82.870102 0.280425 0.086439 0.955976 -3.042400 0.000000 0.000000 0.000000 1.000000
0.958552 0.045143 -0.281320 6.147788 -0.066832 0.995446 -0.067982 80.944702 0.276970 0.083966 0.957203 -3.346258 0.000000 0.000000 0.000000 1.000000
0.960779 0.035173 -0.275077 6.088859 -0.055798 0.996157 -0.067513 78.862724 0.271645 0.080214 0.959049 -3.746669 0.000000 0.000000 0.000000 1.000000
0.963148 0.020096 -0.268220 6.040186 -0.039409 0.996987 -0.066815 76.599426 0.266069 0.074923 0.961038 -4.198827 0.000000 0.000000 0.000000 1.000000
0.964903 0.002252 -0.262598 6.038305 -0.019736 0.997757 -0.063964 74.137718 0.261865 0.066902 0.962783 -4.678268 0.000000 0.000000 0.000000 1.000000
0.965452 -0.013990 -0.260206 6.092058 -0.000839 0.998386 -0.056794 71.519447 0.260580 0.055051 0.963881 -5.173306 0.000000 0.000000 0.000000 1.000000
0.964473 -0.027180 -0.262780 6.172815 0.016496 0.998949 -0.042776 68.829277 0.263667 0.036921 0.963907 -5.649686 0.000000 0.000000 0.000000 1.000000
0.962602 -0.036230 -0.268486 6.238146 0.031501 0.999264 -0.021904 66.129723 0.269081 0.012627 0.963035 -6.065078 0.000000 0.000000 0.000000 1.000000
0.961256 -0.041839 -0.272463 6.257366 0.044787 0.998986 0.004607 63.440224 0.271994 -0.016631 0.962155 -6.392905 0.000000 0.000000 0.000000 1.000000
0.961090 -0.046674 -0.272264 6.216331 0.057964 0.997754 0.033568 60.765362 0.270085 -0.048043 0.961637 -6.633810 0.000000 0.000000 0.000000 1.000000
0.961216 -0.053409 -0.270575 6.122265 0.072547 0.995484 0.061226 58.103119 0.266083 -0.078481 0.960750 -6.805907 0.000000 0.000000 0.000000 1.000000
0.960510 -0.062607 -0.271109 5.995365 0.089416 0.992128 0.087680 55.435020 0.263486 -0.108459 0.958547 -6.911442 0.000000 0.000000 0.000000 1.000000
0.959256 -0.071284 -0.273397 5.827801 0.106747 0.987366 0.117100 52.761860 0.261595 -0.141513 0.954747 -6.936700 0.000000 0.000000 0.000000 1.000000
0.958998 -0.076110 -0.273002 5.586429 0.121060 0.980973 0.151775 50.133987 0.256256 -0.178602 0.949965 -6.880437 0.000000 0.000000 0.000000 1.000000
0.960667 -0.077445 -0.266685 5.261292 0.130842 0.973282 0.188684 47.641361 0.244947 -0.216156 0.945134 -6.778963 0.000000 0.000000 0.000000 1.000000
0.963801 -0.077947 -0.254976 4.877438 0.137255 0.964912 0.223844 45.362743 0.228582 -0.250737 0.940681 -6.672508 0.000000 0.000000 0.000000 1.000000
0.967480 -0.078863 -0.240341 4.488042 0.141468 0.956359 0.255663 43.338894 0.209690 -0.281349 0.936415 -6.572003 0.000000 0.000000 0.000000 1.000000
0.971195 -0.079165 -0.224751 4.126777 0.143035 0.948052 0.284146 41.607613 0.190581 -0.308108 0.932067 -6.461716 0.000000 0.000000 0.000000 1.000000
0.974683 -0.077826 -0.209610 3.804685 0.141690 0.940194 0.309773 40.189407 0.172965 -0.331630 0.927418 -6.317593 0.000000 0.000000 0.000000 1.000000
0.977678 -0.075044 -0.196251 3.514665 0.138257 0.933109 0.331954 39.078308 0.158212 -0.351677 0.922655 -6.127098 0.000000 0.000000 0.000000 1.000000
0.979986 -0.071972 -0.185602 3.243849 0.134212 0.927462 0.349000 38.242611 0.147020 -0.366925 0.918559 -5.901642 0.000000 0.000000 0.000000 1.000000
0.981590 -0.070403 -0.177549 2.986564 0.131343 0.923716 0.359859 37.647163 0.138670 -0.376554 0.915957 -5.659951 0.000000 0.000000 0.000000 1.000000
0.982603 -0.071651 -0.171340 2.747156 0.130832 0.921849 0.364797 37.260426 0.131812 -0.380867 0.915186 -5.405276 0.000000 0.000000 0.000000 1.000000
0.983145 -0.075271 -0.166611 2.521857 0.132475 0.921345 0.365477 37.038132 0.125997 -0.381389 0.915788 -5.125538 0.000000 0.000000 0.000000 1.000000
0.983434 -0.078631 -0.163327 2.278933 0.134210 0.921490 0.364478 36.928810 0.121845 -0.380360 0.916777 -4.806614 0.000000 0.000000 0.000000 1.000000
0.983814 -0.078794 -0.160939 1.983488 0.133384 0.921762 0.364092 36.904289 0.119659 -0.379665 0.917353 -4.444029 0.000000 0.000000 0.000000 1.000000
0.984440 -0.075405 -0.158719 1.630473 0.129426 0.922094 0.364679 36.965820 0.118855 -0.379547 0.917506 -4.055888 0.000000 0.000000 0.000000 1.000000
0.984998 -0.071265 -0.157164 1.237696 0.124897 0.922867 0.364304 37.114304 0.119079 -0.378468 0.917923 -3.684641 0.000000 0.000000 0.000000 1.000000
0.985065 -0.069768 -0.157417 0.828914 0.123129 0.924494 0.360762 37.329250 0.120362 -0.374756 0.919277 -3.374243 0.000000 0.000000 0.000000 1.000000
0.984671 -0.071463 -0.159109 0.415614 0.124432 0.927049 0.353691 37.575317 0.122226 -0.368067 0.921731 -3.132980 0.000000 0.000000 0.000000 1.000000
0.984255 -0.074346 -0.160361 -0.001220 0.126393 0.930243 0.344489 37.818623 0.123563 -0.359334 0.924993 -2.942525 0.000000 0.000000 0.000000 1.000000
0.984171 -0.076294 -0.159960 -0.427118 0.126817 0.933670 0.334931 38.035973 0.123797 -0.349915 0.928566 -2.779760 0.000000 0.000000 0.000000 1.000000
0.984386 -0.077225 -0.158176 -0.861163 0.125879 0.936973 0.325938 38.211113 0.123036 -0.340760 0.932065 -2.636923 0.000000 0.000000 0.000000 1.000000
0.984639 -0.078754 -0.155832 -1.285939 0.125418 0.939949 0.317437 38.362141 0.121475 -0.332105 0.935388 -2.505802 0.000000 0.000000 0.000000 1.000000
0.984751 -0.082155 -0.153348 -1.681111 0.126753 0.942582 0.308987 38.497944 0.119159 -0.323712 0.938622 -2.392180 0.000000 0.000000 0.000000 1.000000
0.984714 -0.087473 -0.150620 -2.032114 0.129891 0.944918 0.300429 38.626289 0.116044 -0.315401 0.941836 -2.301063 0.000000 0.000000 0.000000 1.000000
0.984573 -0.094113 -0.147512 -2.331257 0.134255 0.946973 0.291919 38.753193 0.112217 -0.307220 0.944999 -2.229298 0.000000 0.000000 0.000000 1.000000
0.984303 -0.101435 -0.144427 -2.577551 0.139389 0.948748 0.283632 38.879887 0.108255 -0.299312 0.947994 -2.172038 0.000000 0.000000 0.000000 1.000000
0.983907 -0.108391 -0.142049 -2.782452 0.144503 0.950297 0.275779 38.998131 0.105097 -0.291867 0.950667 -2.126203 0.000000 0.000000 0.000000 1.000000
0.983509 -0.113693 -0.140654 -2.962039 0.148450 0.951702 0.268749 39.095036 0.103305 -0.285197 0.952885 -2.083936 0.000000 0.000000 0.000000 1.000000
0.983218 -0.116809 -0.140135 -3.125164 0.150678 0.953010 0.262807 39.161148 0.102852 -0.279512 0.954617 -2.036318 0.000000 0.000000 0.000000 1.000000
0.982984 -0.118418 -0.140429 -3.269870 0.151770 0.954230 0.257704 39.194351 0.103485 -0.274631 0.955965 -1.982899 0.000000 0.000000 0.000000 1.000000
0.982680 -0.119583 -0.141560 -3.390942 0.152708 0.955322 0.253063 39.200893 0.104974 -0.270297 0.957037 -1.929914 0.000000 0.000000 0.000000 1.000000
0.982282 -0.120758 -0.143319 -3.486844 0.153873 0.956222 0.248922 39.192024 0.106985 -0.266564 0.957861 -1.881314 0.000000 0.000000 0.000000 1.000000
0.981863 -0.121761 -0.145322 -3.559800 0.155007 0.956917 0.245527 39.176643 0.109166 -0.263599 0.958435 -1.839628 0.000000 0.000000 0.000000 1.000000
0.981471 -0.122324 -0.147485 -3.611988 0.155834 0.957445 0.242931 39.156151 0.111492 -0.261413 0.958766 -1.807042 0.000000 0.000000 0.000000 1.000000</float_array><technique_common><accessor source="#swat_Hips-Matrix-animation-output-transform-array" count="84" stride="16"><param type="float4x4"/></accessor></technique_common></source><source id="swat_Hips-Interpolations"><Name_array id="swat_Hips-Interpolations-array" count="84">
 LINEAR LINEAR LINEAR LINEAR LINEAR LINEAR LINEAR LINEAR LINEAR LINEAR LINEAR
LINEAR LINEAR LINEAR LINEAR LINEAR LINEAR LINEAR LINEAR LINEAR LINEAR LINEAR LINEAR
LINEAR LINEAR LINEAR LINEAR LINEAR LINEAR LINEAR LINEAR LINEAR LINEAR LINEAR LINEAR
LINEAR LINEAR LINEAR LINEAR LINEAR LINEAR LINEAR LINEAR LINEAR LINEAR LINEAR LINEAR
LINEAR LINEAR LINEAR LINEAR LINEAR LINEAR LINEAR LINEAR LINEAR LINEAR LINEAR LINEAR
LINEAR LINEAR LINEAR LINEAR LINEAR LINEAR LINEAR LINEAR LINEAR LINEAR LINEAR LINEAR
LINEAR LINEAR LINEAR LINEAR LINEAR LINEAR LINEAR LINEAR LINEAR LINEAR LINEAR LINEAR
LINEAR</Name_array><technique_common><accessor source="#swat_Hips-Interpolations-array" count="84"><param type="name"/></accessor></technique_common></source><sampler id="swat_Hips-Matrix-animation-transform"><input semantic="INPUT" source="#swat_Hips-Matrix-animation-input"/><input semantic="OUTPUT" source="#swat_Hips-Matrix-animation-output-transform"/><input semantic="INTERPOLATION" source="#swat_Hips-Interpolations"/></sampler><channel source="#swat_Hips-Matrix-animation-transform" target="swat_Hips/matrix"/></animation>
    <animation id="swat_Spine-anim" name="swat_Spine"><source id="swat_Spine-Matrix-animation-input"><float_array id="swat_Spine-Matrix-animation-input-array" count="84">

0.000000 0.033333 0.066667 0.100000 0.133333 0.166667 0.200000 0.233333 0.266667 0.300000 0.333333 0.366667 0.400000 0.433333 0.466667 0.500000
0.533333 0.566667 0.600000 0.633333 0.666667 0.700000 0.733333 0.766667 0.800000 0.833333 0.866667 0.900000 0.933333 0.966667 1.000000 1.033333
1.066667 1.100000 1.133333 1.166667 1.200000 1.233333 1.266667 1.300000 1.333333 1.366667 1.400000 1.433333 1.466667 1.500000 1.533333 1.566667
1.600000 1.633333 1.666667 1.700000 1.733333 1.766667 1.800000 1.833333 1.866667 1.900000 1.933333 1.966667 2.000000 2.033333 2.066667 2.100000
2.133333 2.166667 2.200000 2.233333 2.266667 2.300000 2.333333 2.366667 2.400000 2.433333 2.466667 2.500000 2.533333 2.566667 2.600000 2.633333
2.666667 2.700000 2.733333 2.766667</float_array><technique_common><accessor source="#swat_Spine-Matrix-animation-input-array" count="84"><param name="TIME" type="float"/></accessor></technique_common></source><source id="swat_Spine-Matrix-animation-output-transform"><float_array id="swat_Spine-Matrix-animation-output-transform-array" count="1344">

0.999946 -0.005295 0.008934 -0.000000 0.005307 0.999985 -0.001352 9.226300 -0.008927 0.001399 0.999959 1.577100 0.000000 0.000000 0.000000 1.000000
0.999945 -0.005478 0.008909 -0.000000 0.005495 0.999983 -0.001882 9.226300 -0.008899 0.001931 0.999959 1.577100 0.000000 0.000000 0.000000 1.000000
0.999944 -0.005667 0.008930 0.000000 0.005688 0.999981 -0.002374 9.226300 -0.008917 0.002424 0.999957 1.577100 0.000000 0.000000 0.000000 1.000000
0.999942 -0.005898 0.008963 0.000000 0.005925 0.999978 -0.002917 9.226300 -0.008945 0.002970 0.999956 1.577100 0.000000 0.000000 0.000000 1.000000
0.999941 -0.006196 0.008936 -0.000000 0.006228 0.999974 -0.003623 9.226300 -0.008913 0.003679 0.999954 1.577100 0.000000 0.000000 0.000000 1.000000
0.999940 -0.006558 0.008816 0.000000 0.006598 0.999968 -0.004613 9.226300 -0.008785 0.004670 0.999951 1.577100 0.000000 0.000000 0.000000 1.000000
0.999939 -0.006946 0.008619 0.000000 0.006998 0.999957 -0.006033 9.226300 -0.008577 0.006093 0.999945 1.577100 0.000000 0.000000 0.000000 1.000000
0.999938 -0.007311 0.008340 0.000000 0.007379 0.999940 -0.008080 9.226300 -0.008281 0.008141 0.999933 1.577100 0.000000 0.000000 0.000000 1.000000
0.999940 -0.007583 0.007968 0.000000 0.007669 0.999912 -0.010818 9.226300 -0.007885 0.010878 0.999910 1.577100 0.000000 0.000000 0.000000 1.000000
0.999939 -0.007462 0.008118 -0.000000 0.007581 0.999862 -0.014781 9.226300 -0.008007 0.014842 0.999858 1.577100 0.000000 0.000000 0.000000 1.000000
0.999935 -0.007570 0.008479 -0.000000 0.007735 0.999776 -0.019708 9.226300 -0.008328 0.019773 0.999770 1.577100 0.000000 0.000000 0.000000 1.000000
0.999925 -0.007886 0.009416 0.000000 0.008121 0.999649 -0.025225 9.226300 -0.009214 0.025299 0.999637 1.577100 0.000000 0.000000 0.000000 1.000000
0.999910 -0.007891 0.010890 0.000000 0.008231 0.999469 -0.031534 9.226300 -0.010635 0.031620 0.999443 1.577100 0.000000 0.000000 0.000000 1.000000
0.999886 -0.007583 0.013019 -0.000000 0.008057 0.999293 -0.036732 9.226300 -0.012732 0.036833 0.999240 1.577100 0.000000 0.000000 0.000000 1.000000
0.999859 -0.006765 0.015359 0.000000 0.007385 0.999144 -0.040699 9.226300 -0.015071 0.040806 0.999053 1.577100 0.000000 0.000000 0.000000 1.000000
0.999836 -0.005210 0.017337 0.000000 0.005967 0.999017 -0.043920 9.226300 -0.017092 0.044016 0.998885 1.577100 0.000000 0.000000 0.000000 1.000000
0.999825 -0.002975 0.018493 -0.000000 0.003839 0.998895 -0.046839 9.226300 -0.018333 0.046901 0.998731 1.577100 0.000000 0.000000 0.000000 1.000000
0.999824 -0.000592 0.018735 0.000000 0.001520 0.998770 -0.049554 9.226300 -0.018682 0.049574 0.998596 1.577100 0.000000 0.000000 0.000000 1.000000
0.999830 0.001421 0.018364 0.000000 -0.000462 0.998642 -0.052097 9.226300 -0.018413 0.052079 0.998473 1.577100 0.000000 0.000000 0.000000 1.000000
0.999837 0.003009 0.017780 -0.000000 -0.002033 0.998503 -0.054660 9.226300 -0.017918 0.054615 0.998347 1.577100 0.000000 0.000000 0.000000 1.000000
0.999843 0.004354 0.017205 0.000000 -0.003359 0.998343 -0.057453 9.226300 -0.017426 0.057386 0.998200 1.577100 0.000000 0.000000 0.000000 1.000000
0.999845 0.005559 0.016726 0.000000 -0.004537 0.998154 -0.060562 9.226300 -0.017032 0.060477 0.998024 1.577100 0.000000 0.000000 0.000000 1.000000
0.999843 0.006483 0.016480 -0.000000 -0.005417 0.997939 -0.063938 9.226300 -0.016861 0.063839 0.997818 1.577100 0.000000 0.000000 0.000000 1.000000
0.999839 0.007103 0.016507 -0.000000 -0.005974 0.997705 -0.067451 9.226300 -0.016949 0.067341 0.997586 1.577100 0.000000 0.000000 0.000000 1.000000
0.999832 0.007733 0.016621 0.000000 -0.006535 0.997454 -0.071012 9.226300 -0.017128 0.070891 0.997337 1.577100 0.000000 0.000000 0.000000 1.000000
0.999827 0.008727 0.016436 0.000000 -0.007479 0.997191 -0.074520 9.226300 -0.017040 0.074384 0.997084 1.577100 0.000000 0.000000 0.000000 1.000000
0.999827 0.010108 0.015620 0.000000 -0.008860 0.996915 -0.077988 9.226300 -0.016360 0.077836 0.996832 1.577100 0.000000 0.000000 0.000000 1.000000
0.999832 0.011538 0.014231 0.000000 -0.010337 0.996602 -0.081718 9.226300 -0.015126 0.081557 0.996554 1.577100 0.000000 0.000000 0.000000 1.000000
0.999833 0.013056 0.012768 0.000000 -0.011908 0.996206 -0.086207 9.226300 -0.013845 0.086040 0.996195 1.577100 0.000000 0.000000 0.000000 1.000000
0.999813 0.015271 0.011871 0.000000 -0.014119 0.995688 -0.091687 9.226300 -0.013220 0.091503 0.995717 1.577100 0.000000 0.000000 0.000000 1.000000
0.999759 0.018592 0.011685 0.000000 -0.017359 0.995036 -0.097985 9.226300 -0.013449 0.097759 0.995119 1.577100 0.000000 0.000000 0.000000 1.000000
0.999679 0.022571 0.011546 0.000000 -0.021236 0.994248 -0.104980 9.226300 -0.013849 0.104701 0.994407 1.577100 0.000000 0.000000 0.000000 1.000000
0.999594 0.026533 0.010428 -0.000000 -0.025188 0.993291 -0.112870 9.226300 -0.013353 0.112561 0.993555 1.577100 0.000000 0.000000 0.000000 1.000000
0.999506 0.030336 0.008182 0.000000 -0.029120 0.992178 -0.121384 9.226300 -0.011800 0.121086 0.992572 1.577100 0.000000 0.000000 0.000000 1.000000
0.999411 0.033865 0.005586 0.000000 -0.032855 0.991010 -0.129688 9.226300 -0.009928 0.129428 0.991539 1.577100 0.000000 0.000000 0.000000 1.000000
0.999289 0.037536 0.003486 0.000000 -0.036705 0.989891 -0.137001 9.226300 -0.008593 0.136775 0.990565 1.577100 0.000000 0.000000 0.000000 1.000000
0.999116 0.041974 0.002505 0.000000 -0.041186 0.988895 -0.142795 9.226300 -0.008471 0.142566 0.989749 1.577100 0.000000 0.000000 0.000000 1.000000
0.998876 0.047331 0.002584 0.000000 -0.046431 0.987943 -0.147690 9.226300 -0.009543 0.147404 0.989030 1.577100 0.000000 0.000000 0.000000 1.000000
0.998606 0.052701 0.002908 0.000000 -0.051638 0.986889 -0.152918 9.226300 -0.010929 0.152554 0.988235 1.577100 0.000000 0.000000 0.000000 1.000000
0.998355 0.057282 0.002572 0.000000 -0.056146 0.985688 -0.158958 9.226300 -0.011640 0.158552 0.987282 1.577100 0.000000 0.000000 0.000000 1.000000
0.998127 0.061163 0.001400 -0.000000 -0.060089 0.984397 -0.165385 9.226300 -0.011493 0.164991 0.986228 1.577100 0.000000 0.000000 0.000000 1.000000
0.997904 0.064710 -0.000158 0.000000 -0.063777 0.983095 -0.171629 9.226300 -0.010951 0.171279 0.985162 1.577100 0.000000 0.000000 0.000000 1.000000
0.997710 0.067622 -0.001592 -0.000000 -0.066829 0.981832 -0.177596 9.226300 -0.010447 0.177296 0.984102 1.577100 0.000000 0.000000 0.000000 1.000000
0.997588 0.069368 -0.002615 0.000000 -0.068668 0.980611 -0.183539 9.226300 -0.010168 0.183276 0.983009 1.577100 0.000000 0.000000 0.000000 1.000000
0.997522 0.070277 -0.003221 0.000000 -0.069607 0.979307 -0.190034 9.226300 -0.010201 0.189787 0.981772 1.577100 0.000000 0.000000 0.000000 1.000000
0.997516 0.070348 -0.003529 0.000000 -0.069662 0.977896 -0.197147 9.226300 -0.010418 0.196903 0.980368 1.577100 0.000000 0.000000 0.000000 1.000000
0.997568 0.069589 -0.003990 0.000000 -0.068933 0.976452 -0.204425 9.226300 -0.010330 0.204203 0.978874 1.577100 0.000000 0.000000 0.000000 1.000000
0.997631 0.068616 -0.004899 0.000000 -0.068106 0.975157 -0.210784 9.226300 -0.009685 0.210618 0.977520 1.577100 0.000000 0.000000 0.000000 1.000000
0.997623 0.068638 -0.006022 0.000000 -0.068324 0.974178 -0.215195 9.226300 -0.008904 0.215095 0.976553 1.577100 0.000000 0.000000 0.000000 1.000000
0.997503 0.070284 -0.006971 0.000000 -0.070111 0.973440 -0.217943 9.226300 -0.008532 0.217888 0.975937 1.577100 0.000000 0.000000 0.000000 1.000000
0.997349 0.072400 -0.007362 0.000000 -0.072239 0.972708 -0.220502 9.226300 -0.008803 0.220449 0.975359 1.577100 0.000000 0.000000 0.000000 1.000000
0.997294 0.073193 -0.006895 0.000000 -0.072877 0.971895 -0.223851 9.226300 -0.009683 0.223748 0.974599 1.577100 0.000000 0.000000 0.000000 1.000000
0.997374 0.072204 -0.005682 -0.000000 -0.071599 0.971096 -0.227698 9.226300 -0.010923 0.227507 0.973715 1.577100 0.000000 0.000000 0.000000 1.000000
0.997524 0.070209 -0.004152 0.000000 -0.069263 0.970395 -0.231381 9.226300 -0.012216 0.231096 0.972854 1.577100 0.000000 0.000000 0.000000 1.000000
0.997711 0.067572 -0.002468 0.000000 -0.066265 0.969843 -0.234549 9.226300 -0.013455 0.234176 0.972101 1.577100 0.000000 0.000000 0.000000 1.000000
0.997962 0.063810 -0.000452 -0.000000 -0.062096 0.969472 -0.237207 9.226300 -0.014698 0.236752 0.971459 1.577100 0.000000 0.000000 0.000000 1.000000
0.998269 0.058775 0.001884 0.000000 -0.056613 0.969230 -0.239556 9.226300 -0.015906 0.239035 0.970881 1.577100 0.000000 0.000000 0.000000 1.000000
0.998571 0.053270 0.004173 -0.000000 -0.050687 0.969069 -0.241530 9.226300 -0.016910 0.240974 0.970384 1.577100 0.000000 0.000000 0.000000 1.000000
0.998810 0.048404 0.005970 0.000000 -0.045509 0.969015 -0.242775 9.226300 -0.017536 0.242215 0.970064 1.577100 0.000000 0.000000 0.000000 1.000000
0.998967 0.044887 0.007027 0.000000 -0.041835 0.969093 -0.243122 9.226300 -0.017723 0.242577 0.969970 1.577100 0.000000 0.000000 0.000000 1.000000
0.999058 0.042736 0.007491 0.000000 -0.039644 0.969308 -0.242633 9.226300 -0.017630 0.242107 0.970089 1.577100 0.000000 0.000000 0.000000 1.000000
0.999108 0.041503 0.007805 0.000000 -0.038392 0.969642 -0.241497 9.226300 -0.017591 0.240982 0.970370 1.577100 0.000000 0.000000 0.000000 1.000000
0.999143 0.040566 0.008224 0.000000 -0.037407 0.970018 -0.240138 9.226300 -0.017719 0.239624 0.970704 1.577100 0.000000 0.000000 0.000000 1.000000
0.999188 0.039362 0.008578 -0.000000 -0.036170 0.970295 -0.239205 9.226300 -0.017739 0.238700 0.970931 1.577100 0.000000 0.000000 0.000000 1.000000
0.999248 0.037798 0.008604 -0.000000 -0.034648 0.970391 -0.239040 9.226300 -0.017385 0.238562 0.970972 1.577100 0.000000 0.000000 0.000000 1.000000
0.999299 0.036495 0.008298 0.000000 -0.033452 0.970380 -0.239255 9.226300 -0.016784 0.238810 0.970921 1.577100 0.000000 0.000000 0.000000 1.000000
0.999311 0.036285 0.007790 0.000000 -0.033370 0.970392 -0.239217 9.226300 -0.016239 0.238792 0.970935 1.577100 0.000000 0.000000 0.000000 1.000000
0.999284 0.037144 0.007155 0.000000 -0.034365 0.970495 -0.238661 9.226300 -0.015809 0.238244 0.971077 1.577100 0.000000 0.000000 0.000000 1.000000
0.999246 0.038298 0.006430 0.000000 -0.035673 0.970664 -0.237778 9.226300 -0.015348 0.237369 0.971298 1.577100 0.000000 0.000000 0.000000 1.000000
0.999221 0.039046 0.005759 0.000000 -0.036572 0.970855 -0.236863 9.226300 -0.014840 0.236467 0.971526 1.577100 0.000000 0.000000 0.000000 1.000000
0.999211 0.039362 0.005258 0.000000 -0.037009 0.971026 -0.236092 9.226300 -0.014398 0.235711 0.971717 1.577100 0.000000 0.000000 0.000000 1.000000
0.999202 0.039658 0.004854 0.000000 -0.037401 0.971165 -0.235457 9.226300 -0.014052 0.235087 0.971873 1.577100 0.000000 0.000000 0.000000 1.000000
0.999180 0.040249 0.004427 0.000000 -0.038084 0.971278 -0.234881 9.226300 -0.013753 0.234520 0.972014 1.577100 0.000000 0.000000 0.000000 1.000000
0.999148 0.041086 0.003944 0.000000 -0.039019 0.971378 -0.234310 9.226300 -0.013458 0.233957 0.972154 1.577100 0.000000 0.000000 0.000000 1.000000
0.999114 0.041948 0.003515 -0.000000 -0.039966 0.971486 -0.233703 9.226300 -0.013218 0.233355 0.972302 1.577100 0.000000 0.000000 0.000000 1.000000
0.999081 0.042739 0.003269 -0.000000 -0.040802 0.971617 -0.233016 9.226300 -0.013135 0.232668 0.972467 1.577100 0.000000 0.000000 0.000000 1.000000
0.999049 0.043471 0.003230 0.000000 -0.041533 0.971775 -0.232225 9.226300 -0.013234 0.231870 0.972657 1.577100 0.000000 0.000000 0.000000 1.000000
0.999020 0.044147 0.003294 -0.000000 -0.042188 0.971954 -0.231356 9.226300 -0.013415 0.230990 0.972864 1.577100 0.000000 0.000000 0.000000 1.000000
0.998991 0.044779 0.003361 -0.000000 -0.042801 0.972149 -0.230421 9.226300 -0.013586 0.230045 0.973085 1.577100 0.000000 0.000000 0.000000 1.000000
0.998960 0.045460 0.003429 0.000000 -0.043463 0.972375 -0.229342 9.226300 -0.013760 0.228955 0.973340 1.577100 0.000000 0.000000 0.000000 1.000000
0.998922 0.046280 0.003545 -0.000000 -0.044253 0.972637 -0.228077 9.226300 -0.014004 0.227674 0.973637 1.577100 0.000000 0.000000 0.000000 1.000000
0.998880 0.047173 0.003714 -0.000000 -0.045103 0.972902 -0.226776 9.226300 -0.014311 0.226355 0.973940 1.577100 0.000000 0.000000 0.000000 1.000000
0.998842 0.047949 0.003890 -0.000000 -0.045835 0.973124 -0.225673 9.226300 -0.014606 0.225233 0.974195 1.577100 0.000000 0.000000 0.000000 1.000000
0.998816 0.048488 0.004063 0.000000 -0.046334 0.973283 -0.224887 9.226300 -0.014859 0.224433 0.974376 1.577100 0.000000 0.000000 0.000000 1.000000</float_array><technique_common><accessor source="#swat_Spine-Matrix-animation-output-transform-array" count="84" stride="16"><param type="float4x4"/></accessor></technique_common></source><source id="swat_Spine-Interpolations"><Name_array id="swat_Spine-Interpolations-array" count="84">
 LINEAR LINEAR LINEAR LINEAR LINEAR LINEAR LINEAR LINEAR LINEAR LINEAR LINEAR
LINEAR LINEAR LINEAR LINEAR LINEAR LINEAR LINEAR LINEAR LINEAR LINEAR LINEAR LINEAR
LINEAR LINEAR LINEAR LINEAR LINEAR LINEAR LINEAR LINEAR LINEAR LINEAR LINEAR LINEAR
LINEAR LINEAR LINEAR LINEAR LINEAR LINEAR LINEAR LINEAR LINEAR LINEAR LINEAR LINEAR
LINEAR LINEAR LINEAR LINEAR LINEAR LINEAR LINEAR LINEAR LINEAR LINEAR LINEAR LINEAR
LINEAR LINEAR LINEAR LINEAR LINEAR LINEAR LINEAR LINEAR LINEAR LINEAR LINEAR LINEAR
LINEAR LINEAR LINEAR LINEAR LINEAR LINEAR LINEAR LINEAR LINEAR LINEAR LINEAR LINEAR
LINEAR</Name_array><technique_common><accessor source="#swat_Spine-Interpolations-array" count="84"><param type="name"/></accessor></technique_common></source><sampler id="swat_Spine-Matrix-animation-transform"><input semantic="INPUT" source="#swat_Spine-Matrix-animation-input"/><input semantic="OUTPUT" source="#swat_Spine-Matrix-animation-output-transform"/><input semantic="INTERPOLATION" source="#swat_Spine-Interpolations"/></sampler><channel source="#swat_Spine-Matrix-animation-transform" target="swat_Spine/matrix"/></animation>
    <animation id="swat_Spine1-anim" name="swat_Spine1"><source id="swat_Spine1-Matrix-animation-input"><float_array id="swat_Spine1-Matrix-animation-input-array" count="84">

0.000000 0.033333 0.066667 0.100000 0.133333 0.166667 0.200000 0.233333 0.266667 0.300000 0.333333 0.366667 0.400000 0.433333 0.466667 0.500000
0.533333 0.566667 0.600000 0.633333 0.666667 0.700000 0.733333 0.766667 0.800000 0.833333 0.866667 0.900000 0.933333 0.966667 1.000000 1.033333
1.066667 1.100000 1.133333 1.166667 1.200000 1.233333 1.266667 1.300000 1.333333 1.366667 1.400000 1.433333 1.466667 1.500000 1.533333 1.566667
1.600000 1.633333 1.666667 1.700000 1.733333 1.766667 1.800000 1.833333 1.866667 1.900000 1.933333 1.966667 2.000000 2.033333 2.066667 2.100000
2.133333 2.166667 2.200000 2.233333 2.266667 2.300000 2.333333 2.366667 2.400000 2.433333 2.466667 2.500000 2.533333 2.566667 2.600000 2.633333
2.666667 2.700000 2.733333 2.766667</float_array><technique_common><accessor source="#swat_Spine1-Matrix-animation-input-array" count="84"><param name="TIME" type="float"/></accessor></technique_common></source><source id="swat_Spine1-Matrix-animation-output-transform"><float_array id="swat_Spine1-Matrix-animation-output-transform-array" count="1344">

0.999788 -0.010191 0.017871 0.000000 0.010240 0.999944 -0.002661 16.254000 -0.017843 0.002843 0.999837 -0.165600 0.000000 0.000000 0.000000 1.000000
0.999785 -0.010575 0.017826 -0.000000 0.010643 0.999936 -0.003719 16.254000 -0.017786 0.003908 0.999834 -0.165600 0.000000 0.000000 0.000000 1.000000
0.999780 -0.010971 0.017873 0.000000 0.011056 0.999928 -0.004701 16.254000 -0.017820 0.004898 0.999829 -0.165600 0.000000 0.000000 0.000000 1.000000
0.999774 -0.011446 0.017943 0.000000 0.011551 0.999917 -0.005786 16.254000 -0.017875 0.005992 0.999822 -0.165600 0.000000 0.000000 0.000000 1.000000
0.999767 -0.012041 0.017894 -0.000000 0.012171 0.999900 -0.007195 16.254000 -0.017806 0.007411 0.999814 -0.165600 0.000000 0.000000 0.000000 1.000000
0.999763 -0.012757 0.017661 0.000000 0.012921 0.999874 -0.009171 16.254000 -0.017542 0.009397 0.999802 -0.165600 0.000000 0.000000 0.000000 1.000000
0.999759 -0.013530 0.017279 0.000000 0.013738 0.999834 -0.012009 16.254000 -0.017114 0.012244 0.999779 -0.165600 0.000000 0.000000 0.000000 1.000000
0.999758 -0.014276 0.016743 0.000000 0.014546 0.999765 -0.016101 16.254000 -0.016509 0.016340 0.999730 -0.165600 0.000000 0.000000 0.000000 1.000000
0.999760 -0.014903 0.016033 0.000000 0.015248 0.999651 -0.021574 16.254000 -0.015706 0.021814 0.999639 -0.165600 0.000000 0.000000 0.000000 1.000000
0.999757 -0.014748 0.016377 0.000000 0.015227 0.999449 -0.029497 16.254000 -0.015933 0.029739 0.999431 -0.165600 0.000000 0.000000 0.000000 1.000000
0.999742 -0.014926 0.017138 -0.000000 0.015591 0.999104 -0.039342 16.254000 -0.016535 0.039599 0.999079 -0.165600 0.000000 0.000000 0.000000 1.000000
0.999701 -0.015317 0.019036 -0.000000 0.016259 0.998599 -0.050358 16.254000 -0.018238 0.050653 0.998550 -0.165600 0.000000 0.000000 0.000000 1.000000
0.999645 -0.015005 0.021999 0.000000 0.016364 0.997882 -0.062950 16.254000 -0.021007 0.063288 0.997774 -0.165600 0.000000 0.000000 0.000000 1.000000
0.999558 -0.013974 0.026237 0.000000 0.015865 0.997182 -0.073319 16.254000 -0.025138 0.073703 0.996963 -0.165600 0.000000 0.000000 0.000000 1.000000
0.999454 -0.011837 0.030835 -0.000000 0.014310 0.996592 -0.081236 16.254000 -0.029769 0.081632 0.996218 -0.165600 0.000000 0.000000 0.000000 1.000000
0.999364 -0.008376 0.034670 -0.000000 0.011390 0.996084 -0.087678 16.254000 -0.033800 0.088017 0.995545 -0.165600 0.000000 0.000000 0.000000 1.000000
0.999312 -0.003872 0.036876 0.000000 0.007309 0.995590 -0.093529 16.254000 -0.036351 0.093734 0.994933 -0.165600 0.000000 0.000000 0.000000 1.000000
0.999305 0.000839 0.037253 -0.000000 0.002855 0.995085 -0.098980 16.254000 -0.037153 0.099018 0.994392 -0.165600 0.000000 0.000000 0.000000 1.000000
0.999326 0.004996 0.036366 0.000000 -0.001184 0.994568 -0.104085 16.254000 -0.036688 0.103972 0.993903 -0.165600 0.000000 0.000000 0.000000 1.000000
0.999351 0.008479 0.035019 0.000000 -0.004607 0.994007 -0.109224 16.254000 -0.035736 0.108992 0.993400 -0.165600 0.000000 0.000000 0.000000 1.000000
0.999366 0.011614 0.033653 0.000000 -0.007678 0.993357 -0.114814 16.254000 -0.034763 0.114483 0.992817 -0.165600 0.000000 0.000000 0.000000 1.000000
0.999367 0.014543 0.032468 -0.000000 -0.010512 0.992593 -0.121028 16.254000 -0.033987 0.120610 0.992118 -0.165600 0.000000 0.000000 0.000000 1.000000
0.999352 0.017025 0.031728 0.000000 -0.012839 0.991721 -0.127767 16.254000 -0.033641 0.127277 0.991297 -0.165600 0.000000 0.000000 0.000000 1.000000
0.999323 0.018918 0.031547 0.000000 -0.014501 0.990771 -0.134770 16.254000 -0.033806 0.134221 0.990375 -0.165600 0.000000 0.000000 0.000000 1.000000
0.999286 0.020813 0.031535 -0.000000 -0.016138 0.989755 -0.141863 16.254000 -0.034165 0.141253 0.989384 -0.165600 0.000000 0.000000 0.000000 1.000000
0.999249 0.023423 0.030883 0.000000 -0.018575 0.988686 -0.148848 16.254000 -0.034020 0.148162 0.988378 -0.165600 0.000000 0.000000 0.000000 1.000000
0.999225 0.026658 0.028949 0.000000 -0.021835 0.987557 -0.155741 16.254000 -0.032740 0.154988 0.987374 -0.165600 0.000000 0.000000 0.000000 1.000000
0.999218 0.029946 0.025832 -0.000000 -0.025341 0.986278 -0.163136 16.254000 -0.030363 0.162354 0.986265 -0.165600 0.000000 0.000000 0.000000 1.000000
0.999187 0.033460 0.022485 0.000000 -0.029103 0.984664 -0.172017 16.254000 -0.027896 0.171222 0.984837 -0.165600 0.000000 0.000000 0.000000 1.000000
0.999060 0.038402 0.020123 0.000000 -0.034084 0.982549 -0.182855 16.254000 -0.026794 0.181998 0.982934 -0.165600 0.000000 0.000000 0.000000 1.000000
0.998781 0.045563 0.018992 0.000000 -0.040987 0.979885 -0.195309 16.254000 -0.027509 0.194292 0.980558 -0.165600 0.000000 0.000000 0.000000 1.000000
0.998378 0.054084 0.017778 0.000000 -0.049183 0.976654 -0.209111 16.254000 -0.028672 0.207897 0.977730 -0.165600 0.000000 0.000000 0.000000 1.000000
0.997952 0.062288 0.014556 0.000000 -0.057440 0.972758 -0.224593 16.254000 -0.028149 0.223297 0.974344 -0.165600 0.000000 0.000000 0.000000 1.000000
0.997536 0.069550 0.009190 -0.000000 -0.065289 0.968279 -0.241190 16.254000 -0.025673 0.239996 0.970434 -0.165600 0.000000 0.000000 0.000000 1.000000
0.997097 0.076078 0.003200 0.000000 -0.072697 0.963597 -0.257285 16.254000 -0.022658 0.256306 0.966330 -0.165600 0.000000 0.000000 0.000000 1.000000
0.996572 0.082716 -0.001746 0.000000 -0.080084 0.959128 -0.271405 16.254000 -0.020775 0.270614 0.962464 -0.165600 0.000000 0.000000 0.000000 1.000000
0.995852 0.090880 -0.004523 -0.000000 -0.088449 0.955159 -0.282575 16.254000 -0.021360 0.281803 0.959234 -0.165600 0.000000 0.000000 0.000000 1.000000
0.994885 0.100875 -0.005262 0.000000 -0.098008 0.951377 -0.292022 16.254000 -0.024452 0.291044 0.956397 -0.165600 0.000000 0.000000 0.000000 1.000000
0.993817 0.110891 -0.005553 -0.000000 -0.107378 0.947209 -0.302101 16.254000 -0.028241 0.300829 0.953260 -0.165600 0.000000 0.000000 0.000000 1.000000
0.992844 0.119202 -0.007134 0.000000 -0.115411 0.942490 -0.313676 16.254000 -0.030667 0.312254 0.949503 -0.165600 0.000000 0.000000 0.000000 1.000000
0.992017 0.125693 -0.010205 0.000000 -0.122135 0.937482 -0.325900 16.254000 -0.031396 0.324544 0.945349 -0.165600 0.000000 0.000000 0.000000 1.000000
0.991314 0.130797 -0.013702 0.000000 -0.127711 0.932545 -0.337712 16.254000 -0.031394 0.336528 0.941150 -0.165600 0.000000 0.000000 0.000000 1.000000
0.990797 0.134329 -0.016668 0.000000 -0.131664 0.927836 -0.348977 16.254000 -0.031412 0.347960 0.936983 -0.165600 0.000000 0.000000 0.000000 1.000000
0.990558 0.135811 -0.018690 0.000000 -0.133385 0.923290 -0.360199 16.254000 -0.031663 0.359291 0.932688 -0.165600 0.000000 0.000000 0.000000 1.000000
0.990514 0.135965 -0.019903 -0.000000 -0.133549 0.918389 -0.372459 16.254000 -0.032363 0.371584 0.927835 -0.165600 0.000000 0.000000 0.000000 1.000000
0.990660 0.134794 -0.020576 0.000000 -0.132245 0.913030 -0.385859 16.254000 -0.033225 0.384976 0.922328 -0.165600 0.000000 0.000000 0.000000 1.000000
0.991004 0.132090 -0.021513 0.000000 -0.129635 0.907519 -0.399505 16.254000 -0.033247 0.398700 0.916479 -0.165600 0.000000 0.000000 0.000000 1.000000
0.991391 0.128855 -0.023266 0.000000 -0.126967 0.902593 -0.411347 16.254000 -0.032004 0.410759 0.911182 -0.165600 0.000000 0.000000 0.000000 1.000000
0.991516 0.127454 -0.025514 -0.000000 -0.126346 0.898922 -0.419495 16.254000 -0.030531 0.419160 0.907399 -0.165600 0.000000 0.000000 0.000000 1.000000
0.991230 0.129218 -0.027676 -0.000000 -0.128686 0.896227 -0.424520 16.254000 -0.030052 0.424358 0.904996 -0.165600 0.000000 0.000000 0.000000 1.000000
0.990811 0.132110 -0.028991 0.000000 -0.131701 0.893555 -0.429203 16.254000 -0.030797 0.429077 0.902743 -0.165600 0.000000 0.000000 0.000000 1.000000
0.990714 0.132888 -0.028737 -0.000000 -0.132074 0.890496 -0.435400 16.254000 -0.032270 0.435153 0.899778 -0.165600 0.000000 0.000000 0.000000 1.000000
0.991049 0.130733 -0.027043 0.000000 -0.129135 0.887391 -0.442563 16.254000 -0.033860 0.442094 0.896329 -0.165600 0.000000 0.000000 0.000000 1.000000
