<?xml version="1.0" encoding="utf-8"?>
<COLLADA xmlns="http://www.collada.org/2005/11/COLLADASchema" version="1.4.1">
  <asset><contributor><author>Mixamo</author><authoring_tool>COLLADA Mixamo exporter</authoring_tool><comments></comments></contributor><created>2018-12-20T18:11:49Z</created><modified>2018-12-20T18:11:49Z</modified><revision></revision><title></title><unit meter="0.010000"/><up_axis>Y_UP</up_axis></asset>
  <library_animations>
    <animation id="swat_Hips-anim" name="swat_Hips"><source id="swat_Hips-Matrix-animation-input"><float_array id="swat_Hips-Matrix-animation-input-array" count="45">

0.000000 0.033333 0.066667 0.100000 0.133333 0.166667 0.200000 0.233333 0.266667 0.300000 0.333333 0.366667 0.400000 0.433333 0.466667 0.500000
0.533333 0.566667 0.600000 0.633333 0.666667 0.700000 0.733333 0.766667 0.800000 0.833333 0.866667 0.900000 0.933333 0.966667 1.000000 1.033333
1.066667 1.100000 1.133333 1.166667 1.200000 1.233333 1.266667 1.300000 1.333333 1.366667 1.400000 1.433333 1.466667</float_array><technique_common><accessor source="#swat_Hips-Matrix-animation-input-array" count="45"><param name="TIME" type="float"/></accessor></technique_common></source><source id="swat_Hips-Matrix-animation-output-transform"><float_array id="swat_Hips-Matrix-animation-output-transform-array" count="720">

0.834227 -0.056908 0.548477 0.360901 0.064886 0.997881 0.004846 94.169701 -0.547590 0.031546 0.836152 -0.295104 0.000000 0.000000 0.000000 1.000000
0.833160 -0.060093 0.549757 0.526182 0.070290 0.997523 0.002513 94.246193 -0.548547 0.036549 0.835321 -1.582310 0.000000 0.000000 0.000000 1.000000
0.831785 -0.063155 0.551494 0.755876 0.074945 0.997187 0.001159 94.301910 -0.550016 0.040368 0.834178 -2.867906 0.000000 0.000000 0.000000 1.000000
0.829940 -0.066093 0.553924 1.053681 0.078770 0.996892 0.000928 94.346825 -0.552264 0.042862 0.832567 -4.158129 0.000000 0.000000 0.000000 1.000000
0.827167 -0.068514 0.557764 1.442129 0.079598 0.996817 0.004402 94.331314 -0.556290 0.040756 0.829988 -5.442064 0.000000 0.000000 0.000000 1.000000
0.825979 -0.070078 0.559328 1.947137 0.078963 0.996843 0.008288 94.295364 -0.558143 0.037321 0.828905 -6.770587 0.000000 0.000000 0.000000 1.000000
0.825451 -0.070238 0.560087 2.550665 0.076646 0.996985 0.012067 94.266418 -0.559246 0.032967 0.828346 -8.188923 0.000000 0.000000 0.000000 1.000000
0.824877 -0.068884 0.561100 3.226016 0.073038 0.997216 0.015051 94.199936 -0.560574 0.028567 0.827611 -9.741639 0.000000 0.000000 0.000000 1.000000
0.824975 -0.066035 0.561298 3.977473 0.068736 0.997501 0.016327 93.952682 -0.560974 0.025112 0.827453 -11.447603 0.000000 0.000000 0.000000 1.000000
0.827373 -0.062653 0.558147 4.830233 0.065611 0.997736 0.014738 93.571899 -0.557807 0.024427 0.829611 -13.329091 0.000000 0.000000 0.000000 1.000000
0.832484 -0.059332 0.550863 5.785583 0.064192 0.997883 0.010471 93.210144 -0.550318 0.026643 0.834530 -15.434727 0.000000 0.000000 0.000000 1.000000
0.838136 -0.057616 0.542410 6.815332 0.064955 0.997872 0.005629 92.927498 -0.541581 0.030514 0.840095 -17.744558 0.000000 0.000000 0.000000 1.000000
0.841533 -0.058238 0.537057 7.859880 0.067178 0.997737 0.002931 92.753410 -0.536012 0.033612 0.843541 -20.184916 0.000000 0.000000 0.000000 1.000000
0.842245 -0.059263 0.535828 8.846565 0.068462 0.997650 0.002727 92.730438 -0.534731 0.034387 0.844323 -22.661041 0.000000 0.000000 0.000000 1.000000
0.842304 -0.057857 0.535889 9.749695 0.066761 0.997765 0.002790 92.897980 -0.534853 0.033427 0.844284 -25.083212 0.000000 0.000000 0.000000 1.000000
0.843761 -0.053613 0.534035 10.571478 0.062502 0.998044 0.001444 93.194794 -0.533068 0.032160 0.845461 -27.364382 0.000000 0.000000 0.000000 1.000000
0.847237 -0.047767 0.529064 11.275524 0.056697 0.998391 -0.000652 93.498322 -0.528181 0.030549 0.848582 -29.437605 0.000000 0.000000 0.000000 1.000000
0.852420 -0.040318 0.521300 11.825613 0.048351 0.998829 -0.001811 93.753479 -0.520617 0.026749 0.853371 -31.284132 0.000000 0.000000 0.000000 1.000000
0.858111 -0.032409 0.512441 12.224054 0.038235 0.999268 -0.000828 93.947525 -0.512039 0.020303 0.858722 -32.949158 0.000000 0.000000 0.000000 1.000000
0.862475 -0.026688 0.505396 12.516439 0.029628 0.999559 0.002222 94.056618 -0.505232 0.013057 0.862885 -34.453651 0.000000 0.000000 0.000000 1.000000
0.864242 -0.023755 0.502515 12.743699 0.023980 0.999694 0.006017 94.080559 -0.502505 0.006850 0.864547 -35.856598 0.000000 0.000000 0.000000 1.000000
0.863438 -0.022980 0.503932 12.913416 0.021091 0.999733 0.009452 94.039795 -0.504014 0.002467 0.863692 -37.202843 0.000000 0.000000 0.000000 1.000000
0.861551 -0.023438 0.507130 13.013234 0.019901 0.999725 0.012396 93.968353 -0.507281 -0.000588 0.861781 -38.516743 0.000000 0.000000 0.000000 1.000000
0.860710 -0.024813 0.508491 13.035290 0.020275 0.999690 0.014464 93.870590 -0.508692 -0.002139 0.860946 -39.815834 0.000000 0.000000 0.000000 1.000000
0.862123 -0.026561 0.506003 12.986280 0.021998 0.999646 0.014993 93.755173 -0.506222 -0.001795 0.862401 -41.120499 0.000000 0.000000 0.000000 1.000000
0.865370 -0.028353 0.500331 12.871335 0.024354 0.999598 0.014523 93.646286 -0.500542 -0.000383 0.865712 -42.441319 0.000000 0.000000 0.000000 1.000000
0.869488 -0.030964 0.492982 12.679983 0.027297 0.999520 0.014636 93.554817 -0.493199 0.000731 0.869916 -43.782703 0.000000 0.000000 0.000000 1.000000
0.874002 -0.035252 0.484642 12.397161 0.031469 0.999378 0.015942 93.461731 -0.484902 0.001318 0.874567 -45.169373 0.000000 0.000000 0.000000 1.000000
0.878697 -0.040652 0.475645 12.017159 0.036834 0.999171 0.017350 93.349854 -0.475956 0.002275 0.879466 -46.644173 0.000000 0.000000 0.000000 1.000000
0.883265 -0.045895 0.466622 11.540355 0.042456 0.998938 0.017887 93.225403 -0.466947 0.004012 0.884276 -48.236988 0.000000 0.000000 0.000000 1.000000
0.887519 -0.050641 0.457980 10.969172 0.047836 0.998698 0.017730 93.094124 -0.458282 0.006172 0.888785 -49.964951 0.000000 0.000000 0.000000 1.000000
0.891413 -0.055101 0.449830 10.300581 0.053203 0.998441 0.016871 92.943390 -0.450058 0.008894 0.892955 -51.855610 0.000000 0.000000 0.000000 1.000000
0.894858 -0.058508 0.442500 9.522663 0.058337 0.998199 0.014010 92.761993 -0.442522 0.013277 0.896659 -53.950760 0.000000 0.000000 0.000000 1.000000
0.897579 -0.058165 0.436999 8.614033 0.060791 0.998119 0.007989 92.552078 -0.436641 0.019395 0.899427 -56.286171 0.000000 0.000000 0.000000 1.000000
0.898603 -0.051276 0.435755 7.563636 0.056924 0.998379 0.000095 92.346863 -0.435054 0.024719 0.900065 -58.820515 0.000000 0.000000 0.000000 1.000000
0.896133 -0.037787 0.442173 6.422127 0.045149 0.998961 -0.006134 92.183174 -0.441482 0.025461 0.896909 -61.467480 0.000000 0.000000 0.000000 1.000000
0.888698 -0.022305 0.457949 5.232635 0.029044 0.999549 -0.007678 92.103226 -0.457571 0.020124 0.888945 -64.067947 0.000000 0.000000 0.000000 1.000000
0.877750 -0.009326 0.479028 4.079561 0.012591 0.999914 -0.003604 92.042877 -0.478953 0.009195 0.877792 -66.442833 0.000000 0.000000 0.000000 1.000000
0.866800 -0.006833 0.498609 3.073116 0.005191 0.999976 0.004681 92.153503 -0.498628 -0.001470 0.866815 -68.650597 0.000000 0.000000 0.000000 1.000000
0.857517 -0.017321 0.514165 2.262248 0.012514 0.999840 0.012812 92.522453 -0.514304 -0.004552 0.857596 -70.752953 0.000000 0.000000 0.000000 1.000000
0.848702 -0.034329 0.527756 1.627194 0.029822 0.999410 0.017051 93.048904 -0.528030 0.001267 0.849225 -72.681137 0.000000 0.000000 0.000000 1.000000
0.841514 -0.043508 0.538481 1.156792 0.040826 0.999023 0.016918 93.492104 -0.538691 0.007747 0.842468 -74.376907 0.000000 0.000000 0.000000 1.000000
0.837046 -0.048264 0.545000 0.801743 0.048707 0.998720 0.013636 93.814125 -0.544961 0.015131 0.838325 -75.916656 0.000000 0.000000 0.000000 1.000000
0.835759 -0.051905 0.546638 0.557283 0.055716 0.998400 0.009617 93.993935 -0.546262 0.022419 0.837314 -77.371788 0.000000 0.000000 0.000000 1.000000
0.834717 -0.055276 0.547898 0.412673 0.061956 0.998059 0.006303 94.119942 -0.547183 0.028684 0.836521 -78.774414 0.000000 0.000000 0.000000 1.000000</float_array><technique_common><accessor source="#swat_Hips-Matrix-animation-output-transform-array" count="45" stride="16"><param type="float4x4"/></accessor></technique_common></source><source id="swat_Hips-Interpolations"><Name_array id="swat_Hips-Interpolations-array" count="45">
 LINEAR LINEAR LINEAR LINEAR LINEAR LINEAR LINEAR LINEAR LINEAR LINEAR LINEAR
LINEAR LINEAR LINEAR LINEAR LINEAR LINEAR LINEAR LINEAR LINEAR LINEAR LINEAR LINEAR
LINEAR LINEAR LINEAR LINEAR LINEAR LINEAR LINEAR LINEAR LINEAR LINEAR LINEAR LINEAR
LINEAR LINEAR LINEAR LINEAR LINEAR LINEAR LINEAR LINEAR LINEAR LINEAR</Name_array><technique_common><accessor source="#swat_Hips-Interpolations-array" count="45"><param type="name"/></accessor></technique_common></source><sampler id="swat_Hips-Matrix-animation-transform"><input semantic="INPUT" source="#swat_Hips-Matrix-animation-input"/><input semantic="OUTPUT" source="#swat_Hips-Matrix-animation-output-transform"/><input semantic="INTERPOLATION" source="#swat_Hips-Interpolations"/></sampler><channel source="#swat_Hips-Matrix-animation-transform" target="swat_Hips/matrix"/></animation>
    <animation id="swat_Spine-anim" name="swat_Spine"><source id="swat_Spine-Matrix-animation-input"><float_array id="swat_Spine-Matrix-animation-input-array" count="45">

0.000000 0.033333 0.066667 0.100000 0.133333 0.166667 0.200000 0.233333 0.266667 0.300000 0.333333 0.366667 0.400000 0.433333 0.466667 0.500000
0.533333 0.566667 0.600000 0.633333 0.666667 0.700000 0.733333 0.766667 0.800000 0.833333 0.866667 0.900000 0.933333 0.966667 1.000000 1.033333
1.066667 1.100000 1.133333 1.166667 1.200000 1.233333 1.266667 1.300000 1.333333 1.366667 1.400000 1.433333 1.466667</float_array><technique_common><accessor source="#swat_Spine-Matrix-animation-input-array" count="45"><param name="TIME" type="float"/></accessor></technique_common></source><source id="swat_Spine-Matrix-animation-output-transform"><float_array id="swat_Spine-Matrix-animation-output-transform-array" count="720">

0.998204 0.011499 0.058796 0.000000 -0.009250 0.999220 -0.038379 9.226300 -0.059191 0.037766 0.997532 1.577100 0.000000 0.000000 0.000000 1.000000
0.997978 0.015264 0.061698 -0.000000 -0.012861 0.999150 -0.039164 9.226300 -0.062243 0.038291 0.997326 1.577100 0.000000 0.000000 0.000000 1.000000
0.997779 0.018958 0.063851 -0.000000 -0.016452 0.999083 -0.039540 9.226300 -0.064542 0.038402 0.997176 1.577100 0.000000 0.000000 0.000000 1.000000
0.997628 0.022353 0.065113 0.000000 -0.019820 0.999031 -0.039286 9.226300 -0.065928 0.037902 0.997104 1.577100 0.000000 0.000000 0.000000 1.000000
0.997544 0.024987 0.065436 0.000000 -0.022519 0.999017 -0.038178 9.226300 -0.066326 0.036611 0.997126 1.577100 0.000000 0.000000 0.000000 1.000000
0.997523 0.026767 0.065053 0.000000 -0.024447 0.999046 -0.036198 9.226300 -0.065960 0.034518 0.997225 1.577100 0.000000 0.000000 0.000000 1.000000
0.997547 0.027548 0.064350 0.000000 -0.025427 0.999113 -0.033556 9.226300 -0.065218 0.031837 0.997363 1.577100 0.000000 0.000000 0.000000 1.000000
0.997589 0.027400 0.063758 0.000000 -0.025482 0.999204 -0.030706 9.226300 -0.064548 0.029007 0.997493 1.577100 0.000000 0.000000 0.000000 1.000000
0.997622 0.026604 0.063579 0.000000 -0.024850 0.999293 -0.028221 9.226300 -0.064284 0.026574 0.997578 1.577100 0.000000 0.000000 0.000000 1.000000
0.997631 0.025622 0.063837 0.000000 -0.023964 0.999359 -0.026598 9.226300 -0.064477 0.025005 0.997606 1.577100 0.000000 0.000000 0.000000 1.000000
0.997616 0.025084 0.064296 0.000000 -0.023448 0.999385 -0.026074 9.226300 -0.064911 0.024504 0.997590 1.577100 0.000000 0.000000 0.000000 1.000000
0.997584 0.025517 0.064622 0.000000 -0.023842 0.999363 -0.026546 9.226300 -0.065258 0.024942 0.997557 1.577100 0.000000 0.000000 0.000000 1.000000
0.997537 0.027331 0.064596 0.000000 -0.025587 0.999290 -0.027664 9.226300 -0.065306 0.025943 0.997528 1.577100 0.000000 0.000000 0.000000 1.000000
0.997478 0.030303 0.064187 0.000000 -0.028488 0.999173 -0.029002 9.226300 -0.065012 0.027100 0.997516 1.577100 0.000000 0.000000 0.000000 1.000000
0.997422 0.033162 0.063633 0.000000 -0.031288 0.999054 -0.030216 9.226300 -0.064574 0.028147 0.997516 1.577100 0.000000 0.000000 0.000000 1.000000
0.997377 0.035098 0.063298 0.000000 -0.033177 0.998964 -0.031153 9.226300 -0.064326 0.028972 0.997508 1.577100 0.000000 0.000000 0.000000 1.000000
0.997335 0.035942 0.063485 0.000000 -0.033968 0.998914 -0.031904 9.226300 -0.064563 0.029662 0.997473 1.577100 0.000000 0.000000 0.000000 1.000000
0.997323 0.034750 0.064342 0.000000 -0.032698 0.998931 -0.032672 9.226300 -0.065408 0.030481 0.997393 1.577100 0.000000 0.000000 0.000000 1.000000
0.997338 0.031863 0.065592 0.000000 -0.029712 0.998996 -0.033518 9.226300 -0.066594 0.031480 0.997283 1.577100 0.000000 0.000000 0.000000 1.000000
0.997380 0.027867 0.066762 0.000000 -0.025614 0.999081 -0.034371 9.226300 -0.067659 0.032571 0.997177 1.577100 0.000000 0.000000 0.000000 1.000000
0.997447 0.023526 0.067423 0.000000 -0.021198 0.999161 -0.035046 9.226300 -0.068191 0.033527 0.997109 1.577100 0.000000 0.000000 0.000000 1.000000
0.997530 0.019719 0.067420 0.000000 -0.017363 0.999224 -0.035364 9.226300 -0.068065 0.034106 0.997098 1.577100 0.000000 0.000000 0.000000 1.000000
0.997617 0.016735 0.066928 0.000000 -0.014404 0.999278 -0.035167 9.226300 -0.067468 0.034119 0.997138 1.577100 0.000000 0.000000 0.000000 1.000000
0.997691 0.014780 0.066288 0.000000 -0.012518 0.999330 -0.034404 9.226300 -0.066752 0.033495 0.997207 1.577100 0.000000 0.000000 0.000000 1.000000
0.997733 0.013795 0.065869 0.000000 -0.011630 0.999383 -0.033129 9.226300 -0.066285 0.032288 0.997278 1.577100 0.000000 0.000000 0.000000 1.000000
0.997733 0.013632 0.065905 0.000000 -0.011575 0.999437 -0.031481 9.226300 -0.066297 0.030647 0.997329 1.577100 0.000000 0.000000 0.000000 1.000000
0.997689 0.014254 0.066435 0.000000 -0.012305 0.999485 -0.029651 9.226300 -0.066823 0.028765 0.997350 1.577100 0.000000 0.000000 0.000000 1.000000
0.997606 0.015720 0.067338 0.000000 -0.013871 0.999516 -0.027840 9.226300 -0.067743 0.026840 0.997342 1.577100 0.000000 0.000000 0.000000 1.000000
0.997491 0.018097 0.068437 0.000000 -0.016334 0.999522 -0.026238 9.226300 -0.068879 0.025054 0.997310 1.577100 0.000000 0.000000 0.000000 1.000000
0.997352 0.021162 0.069585 0.000000 -0.019464 0.999498 -0.024996 9.226300 -0.070079 0.023576 0.997263 1.577100 0.000000 0.000000 0.000000 1.000000
0.997206 0.024185 0.070680 0.000000 -0.022524 0.999453 -0.024209 9.226300 -0.071227 0.022550 0.997205 1.577100 0.000000 0.000000 0.000000 1.000000
0.997092 0.025975 0.071651 0.000000 -0.024318 0.999419 -0.023900 9.226300 -0.072230 0.022088 0.997143 1.577100 0.000000 0.000000 0.000000 1.000000
0.997050 0.025373 0.072445 0.000000 -0.023688 0.999431 -0.024029 9.226300 -0.073013 0.022242 0.997083 1.577100 0.000000 0.000000 0.000000 1.000000
0.997103 0.021486 0.072963 0.000000 -0.019746 0.999505 -0.024491 9.226300 -0.073453 0.022980 0.997034 1.577100 0.000000 0.000000 0.000000 1.000000
0.997234 0.014338 0.072923 0.000000 -0.012530 0.999604 -0.025187 9.226300 -0.073256 0.024204 0.997019 1.577100 0.000000 0.000000 0.000000 1.000000
0.997392 0.004784 0.072012 0.000000 -0.002917 0.999658 -0.025998 9.226300 -0.072112 0.025720 0.997065 1.577100 0.000000 0.000000 0.000000 1.000000
0.997540 -0.005020 0.069921 0.000000 0.006923 0.999612 -0.026997 9.226300 -0.069758 0.027414 0.997187 1.577100 0.000000 0.000000 0.000000 1.000000
0.997660 -0.014309 0.066864 0.000000 0.016224 0.999471 -0.028196 9.226300 -0.066425 0.029215 0.997364 1.577100 0.000000 0.000000 0.000000 1.000000
0.997824 -0.019130 0.063094 0.000000 0.021031 0.999341 -0.029594 9.226300 -0.062486 0.030856 0.997569 1.577100 0.000000 0.000000 0.000000 1.000000
0.998072 -0.018781 0.059153 0.000000 0.020654 0.999300 -0.031206 9.226300 -0.058526 0.032367 0.997761 1.577100 0.000000 0.000000 0.000000 1.000000
0.998338 -0.014238 0.055850 -0.000000 0.016092 0.999329 -0.032893 9.226300 -0.055344 0.033737 0.997897 1.577100 0.000000 0.000000 0.000000 1.000000
0.998523 -0.007521 0.053801 0.000000 0.009391 0.999358 -0.034578 9.226300 -0.053506 0.035032 0.997953 1.577100 0.000000 0.000000 0.000000 1.000000
0.998573 -0.000483 0.053396 -0.000000 0.002411 0.999347 -0.036050 9.226300 -0.053344 0.036128 0.997922 1.577100 0.000000 0.000000 0.000000 1.000000
0.998492 0.005683 0.054594 0.000000 -0.003653 0.999301 -0.037204 9.226300 -0.054768 0.036948 0.997815 1.577100 0.000000 0.000000 0.000000 1.000000
0.998318 0.010118 0.057080 0.000000 -0.007951 0.999244 -0.038064 9.226300 -0.057422 0.037546 0.997644 1.577100 0.000000 0.000000 0.000000 1.000000</float_array><technique_common><accessor source="#swat_Spine-Matrix-animation-output-transform-array" count="45" stride="16"><param type="float4x4"/></accessor></technique_common></source><source id="swat_Spine-Interpolations"><Name_array id="swat_Spine-Interpolations-array" count="45">
 LINEAR LINEAR LINEAR LINEAR LINEAR LINEAR LINEAR LINEAR LINEAR LINEAR LINEAR
LINEAR LINEAR LINEAR LINEAR LINEAR LINEAR LINEAR LINEAR LINEAR LINEAR LINEAR LINEAR
LINEAR LINEAR LINEAR LINEAR LINEAR LINEAR LINEAR LINEAR LINEAR LINEAR LINEAR LINEAR
LINEAR LINEAR LINEAR LINEAR LINEAR LINEAR LINEAR LINEAR LINEAR LINEAR</Name_array><technique_common><accessor source="#swat_Spine-Interpolations-array" count="45"><param type="name"/></accessor></technique_common></source><sampler id="swat_Spine-Matrix-animation-transform"><input semantic="INPUT" source="#swat_Spine-Matrix-animation-input"/><input semantic="OUTPUT" source="#swat_Spine-Matrix-animation-output-transform"/><input semantic="INTERPOLATION" source="#swat_Spine-Interpolations"/></sampler><channel source="#swat_Spine-Matrix-animation-transform" target="swat_Spine/matrix"/></animation>
    <animation id="swat_Spine1-anim" name="swat_Spine1"><source id="swat_Spine1-Matrix-animation-input"><float_array id="swat_Spine1-Matrix-animation-input-array" count="45">

0.000000 0.033333 0.066667 0.100000 0.133333 0.166667 0.200000 0.233333 0.266667 0.300000 0.333333 0.366667 0.400000 0.433333 0.466667 0.500000
0.533333 0.566667 0.600000 0.633333 0.666667 0.700000 0.733333 0.766667 0.800000 0.833333 0.866667 0.900000 0.933333 0.966667 1.000000 1.033333
1.066667 1.100000 1.133333 1.166667 1.200000 1.233333 1.266667 1.300000 1.333333 1.366667 1.400000 1.433333 1.466667</float_array><technique_common><accessor source="#swat_Spine1-Matrix-animation-input-array" count="45"><param name="TIME" type="float"/></accessor></technique_common></source><source id="swat_Spine1-Matrix-animation-output-transform"><float_array id="swat_Spine1-Matrix-animation-output-transform-array" count="720">

0.991832 0.053324 0.115869 0.000000 -0.043265 0.995210 -0.087661 16.254000 -0.119988 0.081932 0.989389 -0.165600 0.000000 0.000000 0.000000 1.000000
0.991202 0.054532 0.120605 0.000000 -0.044059 0.995157 -0.087868 16.254000 -0.124812 0.081781 0.988804 -0.165600 0.000000 0.000000 0.000000 1.000000
0.990724 0.056204 0.123723 -0.000000 -0.045491 0.995101 -0.087776 16.254000 -0.128051 0.081334 0.988427 -0.165600 0.000000 0.000000 0.000000 1.000000
0.990453 0.058242 0.124939 0.000000 -0.047519 0.995061 -0.087152 16.254000 -0.129398 0.080383 0.988329 -0.165600 0.000000 0.000000 0.000000 1.000000
0.990418 0.060331 0.124225 0.000000 -0.049863 0.995071 -0.085716 16.254000 -0.128784 0.078701 0.988545 -0.165600 0.000000 0.000000 0.000000 1.000000
0.990576 0.062145 0.122056 0.000000 -0.052162 0.995154 -0.083347 16.254000 -0.126644 0.076195 0.989018 -0.165600 0.000000 0.000000 0.000000 1.000000
0.990838 0.063364 0.119269 0.000000 -0.054001 0.995318 -0.080158 16.254000 -0.123790 0.072983 0.989621 -0.165600 0.000000 0.000000 0.000000 1.000000
0.991102 0.063831 0.116804 0.000000 -0.055094 0.995542 -0.076562 16.254000 -0.121170 0.069446 0.990200 -0.165600 0.000000 0.000000 0.000000 1.000000
0.991286 0.063605 0.115352 0.000000 -0.055377 0.995780 -0.073183 16.254000 -0.119520 0.066157 0.990625 -0.165600 0.000000 0.000000 0.000000 1.000000
0.991358 0.062927 0.115103 -0.000000 -0.055016 0.995982 -0.070665 16.254000 -0.119087 0.063722 0.990837 -0.165600 0.000000 0.000000 0.000000 1.000000
0.991337 0.062141 0.115710 0.000000 -0.054335 0.996106 -0.069435 16.254000 -0.119574 0.062547 0.990853 -0.165600 0.000000 0.000000 0.000000 1.000000
0.991279 0.061528 0.116536 0.000000 -0.053655 0.996136 -0.069535 16.254000 -0.120364 0.062676 0.990749 -0.165600 0.000000 0.000000 0.000000 1.000000
0.991240 0.061196 0.117037 0.000000 -0.053157 0.996086 -0.070626 16.254000 -0.120901 0.063786 0.990613 -0.165600 0.000000 0.000000 0.000000 1.000000
0.991248 0.060995 0.117073 0.000000 -0.052765 0.995997 -0.072158 16.254000 -0.121005 0.065349 0.990498 -0.165600 0.000000 0.000000 0.000000 1.000000
0.991286 0.060584 0.116970 0.000000 -0.052183 0.995922 -0.073596 16.254000 -0.120952 0.066851 0.990405 -0.165600 0.000000 0.000000 0.000000 1.000000
0.991294 0.059801 0.117306 -0.000000 -0.051252 0.995896 -0.074593 16.254000 -0.121285 0.067931 0.990290 -0.165600 0.000000 0.000000 0.000000 1.000000
0.991218 0.058603 0.118544 0.000000 -0.049901 0.995927 -0.075093 16.254000 -0.122462 0.068518 0.990105 -0.165600 0.000000 0.000000 0.000000 1.000000
0.991048 0.056961 0.120746 0.000000 -0.048070 0.996001 -0.075311 16.254000 -0.124553 0.068833 0.989823 -0.165600 0.000000 0.000000 0.000000 1.000000
0.990792 0.055407 0.123539 -0.000000 -0.046294 0.996074 -0.075455 16.254000 -0.127234 0.069042 0.989467 -0.165600 0.000000 0.000000 0.000000 1.000000
0.990488 0.054501 0.126345 0.000000 -0.045162 0.996112 -0.075639 16.254000 -0.129976 0.069214 0.989098 -0.165600 0.000000 0.000000 0.000000 1.000000
0.990168 0.054709 0.128742 0.000000 -0.045178 0.996097 -0.075822 16.254000 -0.132387 0.069261 0.988775 -0.165600 0.000000 0.000000 0.000000 1.000000
0.989827 0.056179 0.130716 -0.000000 -0.046514 0.996034 -0.075850 16.254000 -0.134458 0.068998 0.988514 -0.165600 0.000000 0.000000 0.000000 1.000000
0.989417 0.058739 0.132677 0.000000 -0.048999 0.995940 -0.075520 16.254000 -0.136574 0.068220 0.988278 -0.165600 0.000000 0.000000 0.000000 1.000000
0.988875 0.061982 0.135219 0.000000 -0.052207 0.995840 -0.074675 16.254000 -0.139285 0.066785 0.987998 -0.165600 0.000000 0.000000 0.000000 1.000000
0.988161 0.065424 0.138768 0.000000 -0.055637 0.995759 -0.073274 16.254000 -0.142974 0.064686 0.987610 -0.165600 0.000000 0.000000 0.000000 1.000000
0.987288 0.068695 0.143331 -0.000000 -0.058915 0.995706 -0.071406 16.254000 -0.147621 0.062054 0.987095 -0.165600 0.000000 0.000000 0.000000 1.000000
0.986317 0.071662 0.148472 0.000000 -0.061916 0.995675 -0.069262 16.254000 -0.152793 0.059121 0.986488 -0.165600 0.000000 0.000000 0.000000 1.000000
0.985340 0.074413 0.153521 0.000000 -0.064741 0.995646 -0.067071 16.254000 -0.157843 0.056148 0.985867 -0.165600 0.000000 0.000000 0.000000 1.000000
0.984445 0.077098 0.157875 0.000000 -0.067540 0.995594 -0.065045 16.254000 -0.162194 0.053370 0.985314 -0.165600 0.000000 0.000000 0.000000 1.000000
0.983696 0.079686 0.161219 0.000000 -0.070262 0.995516 -0.063340 16.254000 -0.165543 0.050980 0.984884 -0.165600 0.000000 0.000000 0.000000 1.000000
0.983143 0.081763 0.163535 0.000000 -0.072467 0.995440 -0.062038 16.254000 -0.167862 0.049142 0.984585 -0.165600 0.000000 0.000000 0.000000 1.000000
0.982846 0.082565 0.164913 0.000000 -0.073356 0.995427 -0.061181 16.254000 -0.169211 0.048034 0.984409 -0.165600 0.000000 0.000000 0.000000 1.000000
0.982892 0.081264 0.165285 0.000000 -0.072084 0.995543 -0.060813 16.254000 -0.169491 0.047858 0.984369 -0.165600 0.000000 0.000000 0.000000 1.000000
0.983374 0.077400 0.164269 0.000000 -0.068185 0.995805 -0.061021 16.254000 -0.168303 0.048806 0.984526 -0.165600 0.000000 0.000000 0.000000 1.000000
0.984339 0.071259 0.161241 0.000000 -0.061963 0.996153 -0.061970 16.254000 -0.165037 0.051009 0.984968 -0.165600 0.000000 0.000000 0.000000 1.000000
0.985748 0.063836 0.155649 0.000000 -0.054460 0.996477 -0.063781 16.254000 -0.159172 0.054395 0.985751 -0.165600 0.000000 0.000000 0.000000 1.000000
0.987450 0.056718 0.147393 0.000000 -0.047305 0.996657 -0.066608 16.254000 -0.150679 0.058800 0.986833 -0.165600 0.000000 0.000000 0.000000 1.000000
0.989221 0.051385 0.137117 -0.000000 -0.042011 0.996633 -0.070408 16.254000 -0.140273 0.063889 0.988049 -0.165600 0.000000 0.000000 0.000000 1.000000
0.990823 0.048437 0.126191 0.000000 -0.039207 0.996441 -0.074626 16.254000 -0.129357 0.068994 0.989195 -0.165600 0.000000 0.000000 0.000000 1.000000
0.992057 0.047843 0.116335 0.000000 -0.038801 0.996136 -0.078786 16.254000 -0.119655 0.073647 0.990080 -0.165600 0.000000 0.000000 0.000000 1.000000
0.992830 0.048851 0.109095 -0.000000 -0.039948 0.995802 -0.082352 16.254000 -0.112660 0.077404 0.990614 -0.165600 0.000000 0.000000 0.000000 1.000000
0.993146 0.050585 0.105370 0.000000 -0.041679 0.995503 -0.085073 16.254000 -0.109199 0.080098 0.990787 -0.165600 0.000000 0.000000 0.000000 1.000000
0.993079 0.052162 0.105233 0.000000 -0.043083 0.995296 -0.086778 16.254000 -0.109265 0.081644 0.990654 -0.165600 0.000000 0.000000 0.000000 1.000000
0.992724 0.053105 0.108067 0.000000 -0.043705 0.995199 -0.087566 16.254000 -0.112198 0.082206 0.990280 -0.165600 0.000000 0.000000 0.000000 1.000000
0.992173 0.053422 0.112863 -0.000000 -0.043602 0.995188 -0.087751 16.254000 -0.117008 0.082143 0.989728 -0.165600 0.000000 0.000000 0.000000 1.000000</float_array><technique_common><accessor source="#swat_Spine1-Matrix-animation-output-transform-array" count="45" stride="16"><param type="float4x4"/></accessor></technique_common></source><source id="swat_Spine1-Interpolations"><Name_array id="swat_Spine1-Interpolations-array" count="45">
 LINEAR LINEAR LINEAR LINEAR LINEAR LINEAR LINEAR LINEAR LINEAR LINEAR LINEAR
LINEAR LINEAR LINEAR LINEAR LINEAR LINEAR LINEAR LINEAR LINEAR LINEAR LINEAR LINEAR
LINEAR LINEAR LINEAR LINEAR LINEAR LINEAR LINEAR LINEAR LINEAR LINEAR LINEAR LINEAR
LINEAR LINEAR LINEAR LINEAR LINEAR LINEAR LINEAR LINEAR LINEAR LINEAR</Name_array><technique_common><accessor source="#swat_Spine1-Interpolations-array" count="45"><param type="name"/></accessor></technique_common></source><sampler id="swat_Spine1-Matrix-animation-transform"><input semantic="INPUT" source="#swat_Spine1-Matrix-animation-input"/><input semantic="OUTPUT" source="#swat_Spine1-Matrix-animation-output-transform"/><input semantic="INTERPOLATION" source="#swat_Spine1-Interpolations"/></sampler><channel source="#swat_Spine1-Matrix-animation-transform" target="swat_Spine1/matrix"/></animation>
    <animation id="swat_Spine2-anim" name="swat_Spine2"><source id="swat_Spine2-Matrix-animation-input"><float_array id="swat_Spine2-Matrix-animation-input-array" count="45">

0.000000 0.033333 0.066667 0.100000 0.133333 0.166667 0.200000 0.233333 0.266667 0.300000 0.333333 0.366667 0.400000 0.433333 0.466667 0.500000
0.533333 0.566667 0.600000 0.633333 0.666667 0.700000 0.733333 0.766667 0.800000 0.833333 0.866667 0.900000 0.933333 0.966667 1.000000 1.033333
1.066667 1.100000 1.133333 1.166667 1.200000 1.233333 1.266667 1.300000 1.333333 1.366667 1.400000 1.433333 1.466667</float_array><technique_common><accessor source="#swat_Spine2-Matrix-animation-input-array" count="45"><param name="TIME" type="float"/></accessor></technique_common></source><source id="swat_Spine2-Matrix-animation-output-transform"><float_array id="swat_Spine2-Matrix-animation-output-transform-array" count="720">

0.991875 0.053404 0.115468 -0.000000 -0.043318 0.995164 -0.088162 13.639600 -0.119618 0.082444 0.989391 -1.292300 0.000000 0.000000 0.000000 1.000000
0.991250 0.054605 0.120176 -0.000000 -0.044097 0.995106 -0.088430 13.639600 -0.124417 0.082357 0.988806 -1.292300 0.000000 0.000000 0.000000 1.000000
0.990780 0.056277 0.123243 0.000000 -0.045520 0.995042 -0.088423 13.639600 -0.127608 0.081998 0.988429 -1.292300 0.000000 0.000000 0.000000 1.000000
0.990519 0.058325 0.124381 -0.000000 -0.047549 0.994993 -0.087912 13.639600 -0.128886 0.081164 0.988332 -1.292300 0.000000 0.000000 0.000000 1.000000
0.990494 0.060437 0.123570 0.000000 -0.049907 0.994992 -0.086606 13.639600 -0.128185 0.079616 0.988549 -1.292300 0.000000 0.000000 0.000000 1.000000
0.990660 0.062287 0.121294 0.000000 -0.052234 0.995064 -0.084374 13.639600 -0.125950 0.077251 0.989024 -1.292300 0.000000 0.000000 0.000000 1.000000
0.990929 0.063550 0.118413 0.000000 -0.054110 0.995219 -0.081305 13.639600 -0.123014 0.074160 0.989630 -1.292300 0.000000 0.000000 0.000000 1.000000
0.991194 0.064062 0.115890 0.000000 -0.055242 0.995439 -0.077781 13.639600 -0.120345 0.070694 0.990212 -1.292300 0.000000 0.000000 0.000000 1.000000
0.991375 0.063874 0.114436 -0.000000 -0.055562 0.995679 -0.074406 13.639600 -0.118694 0.067406 0.990640 -1.292300 0.000000 0.000000 0.000000 1.000000
0.991440 0.063216 0.114239 0.000000 -0.055224 0.995888 -0.071820 13.639600 -0.118310 0.064896 0.990854 -1.292300 0.000000 0.000000 0.000000 1.000000
0.991409 0.062428 0.114935 -0.000000 -0.054548 0.996021 -0.070475 13.639600 -0.118877 0.063600 0.990870 -1.292300 0.000000 0.000000 0.000000 1.000000
0.991342 0.061792 0.115853 -0.000000 -0.053852 0.996060 -0.070457 13.639600 -0.119750 0.063608 0.990764 -1.292300 0.000000 0.000000 0.000000 1.000000
0.991299 0.061426 0.116418 0.000000 -0.053325 0.996016 -0.071471 13.639600 -0.120344 0.064641 0.990625 -1.292300 0.000000 0.000000 0.000000 1.000000
0.991307 0.061187 0.116477 0.000000 -0.052897 0.995930 -0.072982 13.639600 -0.120468 0.066186 0.990508 -1.292300 0.000000 0.000000 0.000000 1.000000
0.991346 0.060744 0.116372 0.000000 -0.052283 0.995855 -0.074431 13.639600 -0.120411 0.067703 0.990413 -1.292300 0.000000 0.000000 0.000000 1.000000
0.991357 0.059943 0.116701 0.000000 -0.051333 0.995828 -0.075442 13.639600 -0.120736 0.068800 0.990298 -1.292300 0.000000 0.000000 0.000000 1.000000
0.991280 0.058745 0.117957 0.000000 -0.049983 0.995861 -0.075916 13.639600 -0.121928 0.069359 0.990113 -1.292300 0.000000 0.000000 0.000000 1.000000
0.991100 0.057112 0.120242 0.000000 -0.048170 0.995943 -0.076009 13.639600 -0.124095 0.069541 0.989831 -1.292300 0.000000 0.000000 0.000000 1.000000
0.990828 0.055575 0.123172 0.000000 -0.046427 0.996031 -0.075938 13.639600 -0.126903 0.069523 0.989476 -1.292300 0.000000 0.000000 0.000000 1.000000
0.990503 0.054697 0.126144 -0.000000 -0.045347 0.996088 -0.075847 13.639600 -0.129799 0.069406 0.989108 -1.292300 0.000000 0.000000 0.000000 1.000000
0.990160 0.054951 0.128699 0.000000 -0.045436 0.996092 -0.075739 13.639600 -0.132358 0.069146 0.988787 -1.292300 0.000000 0.000000 0.000000 1.000000
0.989799 0.056488 0.130796 0.000000 -0.046868 0.996044 -0.075497 13.639600 -0.134543 0.068597 0.988531 -1.292300 0.000000 0.000000 0.000000 1.000000
0.989373 0.059143 0.132829 0.000000 -0.049475 0.995960 -0.074942 13.639600 -0.136724 0.067573 0.988302 -1.292300 0.000000 0.000000 0.000000 1.000000
0.988819 0.062510 0.135384 0.000000 -0.052834 0.995863 -0.073924 13.639600 -0.139445 0.065945 0.988032 -1.292300 0.000000 0.000000 0.000000 1.000000
0.988098 0.066106 0.138893 0.000000 -0.056442 0.995777 -0.072405 13.639600 -0.143093 0.063703 0.987657 -1.292300 0.000000 0.000000 0.000000 1.000000
0.987222 0.069553 0.143374 0.000000 -0.059916 0.995713 -0.070473 13.639600 -0.147661 0.060982 0.987156 -1.292300 0.000000 0.000000 0.000000 1.000000
0.986251 0.072699 0.148404 -0.000000 -0.063113 0.995665 -0.068319 13.639600 -0.152728 0.058013 0.986564 -1.292300 0.000000 0.000000 0.000000 1.000000
0.985278 0.075613 0.153330 0.000000 -0.066109 0.995616 -0.066173 13.639600 -0.157661 0.055062 0.985957 -1.292300 0.000000 0.000000 0.000000 1.000000
0.984390 0.078422 0.157562 0.000000 -0.069028 0.995544 -0.064242 13.639600 -0.161898 0.052363 0.985417 -1.292300 0.000000 0.000000 0.000000 1.000000
0.983651 0.081075 0.160801 0.000000 -0.071803 0.995448 -0.062668 13.639600 -0.165150 0.050097 0.984995 -1.292300 0.000000 0.000000 0.000000 1.000000
0.983108 0.083152 0.163048 0.000000 -0.073987 0.995361 -0.061504 13.639600 -0.167405 0.048402 0.984699 -1.292300 0.000000 0.000000 0.000000 1.000000
0.982819 0.083894 0.164405 0.000000 -0.074799 0.995346 -0.060759 13.639600 -0.168737 0.047417 0.984520 -1.292300 0.000000 0.000000 0.000000 1.000000
0.982869 0.082495 0.164813 0.000000 -0.073417 0.995468 -0.060445 13.639600 -0.169053 0.047310 0.984471 -1.292300 0.000000 0.000000 0.000000 1.000000
0.983349 0.078522 0.163885 0.000000 -0.069405 0.995744 -0.060638 13.639600 -0.167949 0.048254 0.984614 -1.292300 0.000000 0.000000 0.000000 1.000000
0.984308 0.072280 0.160978 0.000000 -0.063086 0.996110 -0.061516 13.639600 -0.164799 0.050396 0.985039 -1.292300 0.000000 0.000000 0.000000 1.000000
0.985708 0.064779 0.155512 0.000000 -0.055509 0.996454 -0.063233 13.639600 -0.159056 0.053697 0.985808 -1.292300 0.000000 0.000000 0.000000 1.000000
0.987405 0.057586 0.147360 -0.000000 -0.048275 0.996651 -0.066001 13.639600 -0.150667 0.058056 0.986878 -1.292300 0.000000 0.000000 0.000000 1.000000
0.989178 0.052152 0.137140 0.000000 -0.042865 0.996638 -0.069827 13.639600 -0.140321 0.063193 0.988087 -1.292300 0.000000 0.000000 0.000000 1.000000
0.990788 0.049093 0.126213 0.000000 -0.039928 0.996448 -0.074149 13.639600 -0.129405 0.068427 0.989228 -1.292300 0.000000 0.000000 0.000000 1.000000
0.992035 0.048371 0.116305 -0.000000 -0.039370 0.996138 -0.078483 13.639600 -0.119652 0.073279 0.990108 -1.292300 0.000000 0.000000 0.000000 1.000000
0.992823 0.049246 0.108983 -0.000000 -0.040364 0.995794 -0.082256 13.639600 -0.112576 0.077266 0.990634 -1.292300 0.000000 0.000000 0.000000 1.000000
0.993154 0.050848 0.105164 -0.000000 -0.041947 0.995482 -0.085185 13.639600 -0.109020 0.080190 0.990800 -1.292300 0.000000 0.000000 0.000000 1.000000
0.993101 0.052324 0.104944 -0.000000 -0.043238 0.995264 -0.087063 13.639600 -0.109002 0.081925 0.990660 -1.292300 0.000000 0.000000 0.000000 1.000000
0.992757 0.053207 0.107716 0.000000 -0.043791 0.995160 -0.087971 13.639600 -0.111876 0.082617 0.990282 -1.292300 0.000000 0.000000 0.000000 1.000000
0.992214 0.053499 0.112472 0.000000 -0.043656 0.995143 -0.088232 13.639600 -0.116646 0.082634 0.989730 -1.292300 0.000000 0.000000 0.000000 1.000000</float_array><technique_common><accessor source="#swat_Spine2-Matrix-animation-output-transform-array" count="45" stride="16"><param type="float4x4"/></accessor></technique_common></source><source id="swat_Spine2-Interpolations"><Name_array id="swat_Spine2-Interpolations-array" count="45">
 LINEAR LINEAR LINEAR LINEAR LINEAR LINEAR LINEAR LINEAR LINEAR LINEAR LINEAR
LINEAR LINEAR LINEAR LINEAR LINEAR LINEAR LINEAR LINEAR LINEAR LINEAR LINEAR LINEAR
LINEAR LINEAR LINEAR LINEAR LINEAR LINEAR LINEAR LINEAR LINEAR LINEAR LINEAR LINEAR
LINEAR LINEAR LINEAR LINEAR LINEAR LINEAR LINEAR LINEAR LINEAR LINEAR</Name_array><technique_common><accessor source="#swat_Spine2-Interpolations-array" count="45"><param type="name"/></accessor></technique_common></source><sampler id="swat_Spine2-Matrix-animation-transform"><input semantic="INPUT" source="#swat_Spine2-Matrix-animation-input"/><input semantic="OUTPUT" source="#swat_Spine2-Matrix-animation-output-transform"/><input semantic="INTERPOLATION" source="#swat_Spine2-Interpolations"/></sampler><channel source="#swat_Spine2-Matrix-animation-transform" target="swat_Spine2/matrix"/></animation>
    <animation id="swat_Neck-anim" name="swat_Neck"><source id="swat_Neck-Matrix-animation-input"><float_array id="swat_Neck-Matrix-animation-input-array" count="45">

0.000000 0.033333 0.066667 0.100000 0.133333 0.166667 0.200000 0.233333 0.266667 0.300000 0.333333 0.366667 0.400000 0.433333 0.466667 0.500000
0.533333 0.566667 0.600000 0.633333 0.666667 0.700000 0.733333 0.766667 0.800000 0.833333 0.866667 0.900000 0.933333 0.966667 1.000000 1.033333
1.066667 1.100000 1.133333 1.166667 1.200000 1.233333 1.266667 1.300000 1.333333 1.366667 1.400000 1.433333 1.466667</float_array><technique_common><accessor source="#swat_Neck-Matrix-animation-input-array" count="45"><param name="TIME" type="float"/></accessor></technique_common></source><source id="swat_Neck-Matrix-animation-output-transform"><float_array id="swat_Neck-Matrix-animation-output-transform-array" count="720">

0.995680 -0.024512 0.089555 0.000000 0.025670 0.999601 -0.011806 13.877400 -0.089230 0.014054 0.995912 -4.354200 0.000000 0.000000 0.000000 1.000000
0.995716 -0.020333 0.090204 0.000000 0.021822 0.999641 -0.015554 13.877400 -0.089856 0.017456 0.995802 -4.354200 0.000000 0.000000 0.000000 1.000000
0.995729 -0.017384 0.090671 -0.000000 0.019136 0.999646 -0.018498 13.877400 -0.090318 0.020154 0.995709 -4.354200 0.000000 0.000000 0.000000 1.000000
0.995733 -0.015765 0.090922 -0.000000 0.017705 0.999632 -0.020572 13.877400 -0.090565 0.022094 0.995645 -4.354200 0.000000 0.000000 0.000000 1.000000
0.995736 -0.015380 0.090959 0.000000 0.017432 0.999610 -0.021807 13.877400 -0.090588 0.023299 0.995616 -4.354200 0.000000 0.000000 0.000000 1.000000
0.995739 -0.015852 0.090843 -0.000000 0.017953 0.999589 -0.022359 13.877400 -0.090451 0.023895 0.995614 -4.354200 0.000000 0.000000 0.000000 1.000000
0.995741 -0.016700 0.090665 0.000000 0.018803 0.999572 -0.022392 13.877400 -0.090252 0.024002 0.995630 -4.354200 0.000000 0.000000 0.000000 1.000000
0.995741 -0.017507 0.090518 0.000000 0.019576 0.999566 -0.022022 13.877400 -0.090093 0.023700 0.995651 -4.354200 0.000000 0.000000 0.000000 1.000000
0.995736 -0.018028 0.090465 0.000000 0.020035 0.999572 -0.021321 13.877400 -0.090042 0.023042 0.995671 -4.354200 0.000000 0.000000 0.000000 1.000000
0.995728 -0.018219 0.090523 0.000000 0.020140 0.999590 -0.020358 13.877400 -0.090115 0.022094 0.995686 -4.354200 0.000000 0.000000 0.000000 1.000000
0.995715 -0.018180 0.090674 0.000000 0.020002 0.999615 -0.019232 13.877400 -0.090290 0.020963 0.995695 -4.354200 0.000000 0.000000 0.000000 1.000000
0.995698 -0.018056 0.090880 0.000000 0.019776 0.999641 -0.018068 13.877400 -0.090521 0.019787 0.995698 -4.354200 0.000000 0.000000 0.000000 1.000000
0.995679 -0.017948 0.091113 0.000000 0.019573 0.999664 -0.016976 13.877400 -0.090777 0.018686 0.995696 -4.354200 0.000000 0.000000 0.000000 1.000000
0.995657 -0.017875 0.091367 0.000000 0.019417 0.999683 -0.016017 13.877400 -0.091052 0.017722 0.995688 -4.354200 0.000000 0.000000 0.000000 1.000000
0.995632 -0.017785 0.091654 0.000000 0.019256 0.999699 -0.015193 13.877400 -0.091356 0.016892 0.995675 -4.354200 0.000000 0.000000 0.000000 1.000000
0.995605 -0.017599 0.091980 0.000000 0.019010 0.999714 -0.014489 13.877400 -0.091699 0.016174 0.995655 -4.354200 0.000000 0.000000 0.000000 1.000000
0.995578 -0.017256 0.092335 0.000000 0.018619 0.999730 -0.013914 13.877400 -0.092070 0.015572 0.995631 -4.354200 0.000000 0.000000 0.000000 1.000000
0.995555 -0.016748 0.092676 -0.000000 0.018077 0.999745 -0.013521 13.877400 -0.092426 0.015136 0.995605 -4.354200 0.000000 0.000000 0.000000 1.000000
0.995541 -0.016113 0.092945 -0.000000 0.017429 0.999759 -0.013372 13.877400 -0.092707 0.014933 0.995581 -4.354200 0.000000 0.000000 0.000000 1.000000
0.995538 -0.015423 0.093097 -0.000000 0.016749 0.999769 -0.013485 13.877400 -0.092868 0.014984 0.995566 -4.354200 0.000000 0.000000 0.000000 1.000000
0.995545 -0.014742 0.093130 0.000000 0.016096 0.999775 -0.013797 13.877400 -0.092905 0.015235 0.995558 -4.354200 0.000000 0.000000 0.000000 1.000000
0.995558 -0.014101 0.093083 0.000000 0.015487 0.999779 -0.014183 13.877400 -0.092863 0.015562 0.995557 -4.354200 0.000000 0.000000 0.000000 1.000000
0.995571 -0.013496 0.093036 -0.000000 0.014909 0.999784 -0.014506 13.877400 -0.092820 0.015829 0.995557 -4.354200 0.000000 0.000000 0.000000 1.000000
0.995577 -0.012915 0.093061 0.000000 0.014342 0.999789 -0.014677 13.877400 -0.092851 0.015947 0.995552 -4.354200 0.000000 0.000000 0.000000 1.000000
0.995571 -0.012386 0.093194 0.000000 0.013813 0.999797 -0.014676 13.877400 -0.092993 0.015898 0.995540 -4.354200 0.000000 0.000000 0.000000 1.000000
