<?xml version="1.0" encoding="utf-8"?>
<COLLADA xmlns="http://www.collada.org/2005/11/COLLADASchema" version="1.4.1">
  <asset><contributor><author>Mixamo</author><authoring_tool>COLLADA Mixamo exporter</authoring_tool><comments></comments></contributor><created>2018-12-20T20:11:54Z</created><modified>2018-12-20T20:11:54Z</modified><revision></revision><title></title><unit meter="0.010000"/><up_axis>Y_UP</up_axis></asset>
  <library_animations>
    <animation id="swat_Hips-anim" name="swat_Hips"><source id="swat_Hips-Matrix-animation-input"><float_array id="swat_Hips-Matrix-animation-input-array" count="64">

0.000000 0.033333 0.066667 0.100000 0.133333 0.166667 0.200000 0.233333 0.266667 0.300000 0.333333 0.366667 0.400000 0.433333 0.466667 0.500000
0.533333 0.566667 0.600000 0.633333 0.666667 0.700000 0.733333 0.766667 0.800000 0.833333 0.866667 0.900000 0.933333 0.966667 1.000000 1.033333
1.066667 1.100000 1.133333 1.166667 1.200000 1.233333 1.266667 1.300000 1.333333 1.366667 1.400000 1.433333 1.466667 1.500000 1.533333 1.566667
1.600000 1.633333 1.666667 1.700000 1.733333 1.766667 1.800000 1.833333 1.866667 1.900000 1.933333 1.966667 2.000000 2.033333 2.066667 2.100000</float_array><technique_common><accessor source="#swat_Hips-Matrix-animation-input-array" count="64"><param name="TIME" type="float"/></accessor></technique_common></source><source id="swat_Hips-Matrix-animation-output-transform"><float_array id="swat_Hips-Matrix-animation-output-transform-array" count="1024">

0.999859 -0.015687 0.005978 0.013552 -0.005881 0.006186 0.999964 106.454956 -0.015723 -0.999858 0.006093 0.078236 0.000000 0.000000 0.000000 1.000000
0.999959 -0.004259 0.008004 0.064120 -0.007985 0.004575 0.999958 106.493706 -0.004296 -0.999980 0.004541 0.132280 0.000000 0.000000 0.000000 1.000000
0.999762 0.008931 0.019925 0.068271 -0.019863 -0.006992 0.999778 106.617676 0.009068 -0.999936 -0.006813 0.168503 0.000000 0.000000 0.000000 1.000000
0.998915 0.020873 0.041623 -0.033005 -0.041058 -0.026784 0.998798 106.845940 0.021962 -0.999423 -0.025898 0.201760 0.000000 0.000000 0.000000 1.000000
0.996019 0.028143 0.084586 -0.490662 -0.083068 -0.051345 0.995220 107.283707 0.032352 -0.998284 -0.048802 0.217818 0.000000 0.000000 0.000000 1.000000
0.990464 0.028295 0.134837 -0.988800 -0.132320 -0.077268 0.988191 107.819870 0.038380 -0.996609 -0.072787 0.304130 0.000000 0.000000 0.000000 1.000000
0.980078 0.009687 0.198377 -1.186304 -0.196412 -0.101022 0.975303 108.638260 0.029488 -0.994837 -0.097107 0.441447 0.000000 0.000000 0.000000 1.000000
0.970187 -0.004845 0.242310 -1.300907 -0.241146 -0.119190 0.963142 108.994652 0.024215 -0.992860 -0.116805 0.370809 0.000000 0.000000 0.000000 1.000000
0.964367 -0.013747 0.264209 -1.125724 -0.263817 -0.125110 0.956425 108.958107 0.019908 -0.992048 -0.124278 0.278303 0.000000 0.000000 0.000000 1.000000
0.958083 -0.020176 0.285778 -0.715765 -0.285979 -0.126861 0.949801 108.744995 0.017091 -0.991715 -0.127313 0.178988 0.000000 0.000000 0.000000 1.000000
0.948300 -0.026272 0.316285 -0.103393 -0.316979 -0.128135 0.939737 108.331253 0.015838 -0.991409 -0.129838 0.065437 0.000000 0.000000 0.000000 1.000000
0.935600 -0.042360 0.350512 0.585856 -0.353012 -0.128974 0.926687 107.916603 0.005952 -0.990743 -0.135621 -0.060922 0.000000 0.000000 0.000000 1.000000
0.922406 -0.055043 0.382280 1.278961 -0.386222 -0.129387 0.913286 107.632446 -0.000808 -0.990065 -0.140607 -0.018100 0.000000 0.000000 0.000000 1.000000
0.912099 -0.058108 0.405830 1.864002 -0.409969 -0.129484 0.902862 107.478004 0.000085 -0.989877 -0.141925 0.175528 0.000000 0.000000 0.000000 1.000000
0.901830 -0.059611 0.427958 2.317571 -0.432085 -0.129326 0.892512 107.422043 0.002142 -0.989809 -0.142387 0.515758 0.000000 0.000000 0.000000 1.000000
0.892310 -0.060663 0.447329 2.631785 -0.451404 -0.129004 0.882945 107.473572 0.004145 -0.989787 -0.142495 0.798460 0.000000 0.000000 0.000000 1.000000
0.884448 -0.062160 0.462480 2.773857 -0.466611 -0.128506 0.875077 107.606354 0.005036 -0.989759 -0.142662 1.009854 0.000000 0.000000 0.000000 1.000000
0.879280 -0.064510 0.471917 2.809632 -0.476287 -0.127813 0.869951 107.729073 0.004196 -0.989698 -0.143109 1.299145 0.000000 0.000000 0.000000 1.000000
0.877251 -0.067148 0.475312 2.752875 -0.480027 -0.127101 0.867997 107.877533 0.002128 -0.989614 -0.143732 1.573779 0.000000 0.000000 0.000000 1.000000
0.878251 -0.069833 0.473074 2.686078 -0.478200 -0.126485 0.869095 108.019043 -0.000855 -0.989507 -0.144479 1.740557 0.000000 0.000000 0.000000 1.000000
0.880945 -0.072437 0.467641 2.617342 -0.473200 -0.126247 0.871862 108.113335 -0.004117 -0.989351 -0.145494 1.860849 0.000000 0.000000 0.000000 1.000000
0.885825 -0.075309 0.457867 2.495681 -0.463957 -0.127586 0.876622 108.143723 -0.007600 -0.988964 -0.147959 1.857743 0.000000 0.000000 0.000000 1.000000
0.891662 -0.078339 0.445871 2.315570 -0.452569 -0.130534 0.882123 108.151497 -0.010904 -0.988344 -0.151846 1.802313 0.000000 0.000000 0.000000 1.000000
0.898953 -0.080792 0.430531 2.128258 -0.437830 -0.134826 0.888891 108.144905 -0.013768 -0.987570 -0.156575 1.743067 0.000000 0.000000 0.000000 1.000000
0.905158 -0.081959 0.417100 1.886004 -0.424817 -0.140215 0.894354 108.133385 -0.014817 -0.986723 -0.161735 1.685312 0.000000 0.000000 0.000000 1.000000
0.912293 -0.080418 0.401565 1.596543 -0.409313 -0.146552 0.900547 108.126663 -0.013570 -0.985929 -0.166615 1.625414 0.000000 0.000000 0.000000 1.000000
0.919612 -0.077772 0.385052 1.295229 -0.392662 -0.153545 0.906775 108.134560 -0.011399 -0.985076 -0.171740 1.564534 0.000000 0.000000 0.000000 1.000000
0.925315 -0.077570 0.371179 0.971786 -0.379039 -0.160842 0.911295 108.167191 -0.010988 -0.983927 -0.178231 1.507981 0.000000 0.000000 0.000000 1.000000
0.928314 -0.078668 0.363379 0.809083 -0.371643 -0.168228 0.913007 108.239876 -0.010694 -0.982604 -0.185405 1.452534 0.000000 0.000000 0.000000 1.000000
0.928176 -0.083183 0.362725 0.807619 -0.371941 -0.175385 0.911537 108.375931 -0.012208 -0.980980 -0.193727 1.396098 0.000000 0.000000 0.000000 1.000000
0.924881 -0.089933 0.369469 0.926171 -0.379989 -0.182074 0.906894 108.525291 -0.014289 -0.979163 -0.202570 1.338609 0.000000 0.000000 0.000000 1.000000
0.920098 -0.097225 0.379430 1.135377 -0.391352 -0.188080 0.900816 108.624222 -0.016219 -0.977330 -0.211101 1.271243 0.000000 0.000000 0.000000 1.000000
0.915925 -0.104783 0.387429 1.430535 -0.400899 -0.193172 0.895525 108.654106 -0.018995 -0.975554 -0.218938 1.189800 0.000000 0.000000 0.000000 1.000000
0.910971 -0.112290 0.396890 1.697972 -0.411899 -0.197090 0.889660 108.606949 -0.021677 -0.973933 -0.225796 1.092004 0.000000 0.000000 0.000000 1.000000
0.909016 -0.120456 0.398975 1.855430 -0.415874 -0.199707 0.887224 108.557388 -0.027193 -0.972424 -0.231631 0.985796 0.000000 0.000000 0.000000 1.000000
0.910858 -0.125662 0.393125 1.838667 -0.411404 -0.200431 0.889142 108.467445 -0.032937 -0.971615 -0.234262 0.869086 0.000000 0.000000 0.000000 1.000000
0.915808 -0.123166 0.382265 1.660186 -0.400187 -0.199592 0.894435 108.322098 -0.033867 -0.972108 -0.232077 0.746149 0.000000 0.000000 0.000000 1.000000
0.924839 -0.110068 0.364086 1.417065 -0.379383 -0.198386 0.903721 108.148521 -0.027242 -0.973924 -0.225233 0.631257 0.000000 0.000000 0.000000 1.000000
0.936526 -0.090331 0.338763 1.216014 -0.350246 -0.197656 0.915565 107.950233 -0.015745 -0.976101 -0.216748 0.526063 0.000000 0.000000 0.000000 1.000000
0.948096 -0.075221 0.308958 1.011678 -0.317845 -0.195531 0.927762 107.739082 -0.009377 -0.977809 -0.209291 0.425194 0.000000 0.000000 0.000000 1.000000
0.958707 -0.064318 0.277028 0.812601 -0.284240 -0.184366 0.940860 107.545021 -0.009440 -0.980751 -0.195035 0.322707 0.000000 0.000000 0.000000 1.000000
0.967839 -0.054597 0.245573 0.632076 -0.251363 -0.170334 0.952787 107.352554 -0.010189 -0.983873 -0.178580 0.221304 0.000000 0.000000 0.000000 1.000000
0.975636 -0.046429 0.214427 0.472852 -0.219080 -0.153727 0.963521 107.166618 -0.011773 -0.987022 -0.160153 0.120304 0.000000 0.000000 0.000000 1.000000
0.981582 -0.040148 0.186773 0.342791 -0.190543 -0.135309 0.972309 106.990227 -0.013764 -0.989990 -0.140467 0.026478 0.000000 0.000000 0.000000 1.000000
0.986783 -0.034468 0.158337 0.243397 -0.161307 -0.115782 0.980089 106.828049 -0.015449 -0.992676 -0.119811 -0.059428 0.000000 0.000000 0.000000 1.000000
0.991014 -0.029292 0.130515 0.174300 -0.132754 -0.095845 0.986504 106.684792 -0.016387 -0.994965 -0.098873 -0.143459 0.000000 0.000000 0.000000 1.000000
0.993725 -0.024539 0.109125 0.133314 -0.110699 -0.076198 0.990929 106.564751 -0.016001 -0.996791 -0.078436 -0.228580 0.000000 0.000000 0.000000 1.000000
0.996462 -0.020488 0.081506 0.109750 -0.082564 -0.057543 0.994923 106.471771 -0.015693 -0.998133 -0.059031 -0.300424 0.000000 0.000000 0.000000 1.000000
0.998481 -0.018251 0.051980 0.075827 -0.052684 -0.040520 0.997789 106.407158 -0.016104 -0.999012 -0.041420 -0.297035 0.000000 0.000000 0.000000 1.000000
0.999428 -0.016960 0.029242 0.048130 -0.029688 -0.026698 0.999203 106.375320 -0.016165 -0.999500 -0.027186 -0.275959 0.000000 0.000000 0.000000 1.000000
0.999712 -0.016081 0.017840 0.031598 -0.018093 -0.015729 0.999713 106.383881 -0.015796 -0.999747 -0.016016 -0.246321 0.000000 0.000000 0.000000 1.000000
0.999793 -0.015669 0.013006 0.023102 -0.013120 -0.007207 0.999888 106.411461 -0.015573 -0.999851 -0.007411 -0.212631 0.000000 0.000000 0.000000 1.000000
0.999814 -0.015673 0.011254 0.017382 -0.011336 -0.005094 0.999923 106.418610 -0.015614 -0.999864 -0.005271 -0.183441 0.000000 0.000000 0.000000 1.000000
0.999828 -0.015698 0.009906 0.015234 -0.009959 -0.003331 0.999945 106.424515 -0.015664 -0.999871 -0.003487 -0.152635 0.000000 0.000000 0.000000 1.000000
0.999837 -0.015740 0.008886 0.013870 -0.008916 -0.001863 0.999959 106.429443 -0.015723 -0.999874 -0.002004 -0.121709 0.000000 0.000000 0.000000 1.000000
0.999842 -0.015762 0.008159 0.013083 -0.008170 -0.000648 0.999966 106.433525 -0.015756 -0.999876 -0.000777 -0.091935 0.000000 0.000000 0.000000 1.000000
0.999846 -0.015774 0.007667 0.012607 -0.007662 0.000362 0.999971 106.436951 -0.015777 -0.999876 0.000242 -0.063098 0.000000 0.000000 0.000000 1.000000
0.999849 -0.015776 0.007343 0.012572 -0.007325 0.001214 0.999972 106.439827 -0.015784 -0.999875 0.001098 -0.035999 0.000000 0.000000 0.000000 1.000000
0.999850 -0.015768 0.007192 0.012781 -0.007162 0.001965 0.999972 106.442329 -0.015781 -0.999874 0.001852 -0.011018 0.000000 0.000000 0.000000 1.000000
0.999851 -0.015766 0.007051 0.012873 -0.007010 0.002638 0.999972 106.444534 -0.015784 -0.999872 0.002527 0.011948 0.000000 0.000000 0.000000 1.000000
0.999852 -0.015760 0.006948 0.013146 -0.006897 0.003300 0.999971 106.446579 -0.015782 -0.999870 0.003191 0.032739 0.000000 0.000000 0.000000 1.000000
0.999853 -0.015745 0.006820 0.013676 -0.006758 0.003998 0.999969 106.448669 -0.015772 -0.999868 0.003891 0.050328 0.000000 0.000000 0.000000 1.000000
0.999855 -0.015720 0.006596 0.014500 -0.006522 0.004771 0.999967 106.450989 -0.015751 -0.999865 0.004668 0.063612 0.000000 0.000000 0.000000 1.000000
0.999858 -0.015688 0.006231 0.015510 -0.006143 0.005671 0.999965 106.453682 -0.015723 -0.999861 0.005573 0.072047 0.000000 0.000000 0.000000 1.000000</float_array><technique_common><accessor source="#swat_Hips-Matrix-animation-output-transform-array" count="64" stride="16"><param type="float4x4"/></accessor></technique_common></source><source id="swat_Hips-Interpolations"><Name_array id="swat_Hips-Interpolations-array" count="64">
 LINEAR LINEAR LINEAR LINEAR LINEAR LINEAR LINEAR LINEAR LINEAR LINEAR LINEAR
LINEAR LINEAR LINEAR LINEAR LINEAR LINEAR LINEAR LINEAR LINEAR LINEAR LINEAR LINEAR
LINEAR LINEAR LINEAR LINEAR LINEAR LINEAR LINEAR LINEAR LINEAR LINEAR LINEAR LINEAR
LINEAR LINEAR LINEAR LINEAR LINEAR LINEAR LINEAR LINEAR LINEAR LINEAR LINEAR LINEAR
LINEAR LINEAR LINEAR LINEAR LINEAR LINEAR LINEAR LINEAR LINEAR LINEAR LINEAR LINEAR
LINEAR LINEAR LINEAR LINEAR LINEAR</Name_array><technique_common><accessor source="#swat_Hips-Interpolations-array" count="64"><param type="name"/></accessor></technique_common></source><sampler id="swat_Hips-Matrix-animation-transform"><input semantic="INPUT" source="#swat_Hips-Matrix-animation-input"/><input semantic="OUTPUT" source="#swat_Hips-Matrix-animation-output-transform"/><input semantic="INTERPOLATION" source="#swat_Hips-Interpolations"/></sampler><channel source="#swat_Hips-Matrix-animation-transform" target="swat_Hips/matrix"/></animation>
    <animation id="swat_Spine-anim" name="swat_Spine"><source id="swat_Spine-Matrix-animation-input"><float_array id="swat_Spine-Matrix-animation-input-array" count="64">

0.000000 0.033333 0.066667 0.100000 0.133333 0.166667 0.200000 0.233333 0.266667 0.300000 0.333333 0.366667 0.400000 0.433333 0.466667 0.500000
0.533333 0.566667 0.600000 0.633333 0.666667 0.700000 0.733333 0.766667 0.800000 0.833333 0.866667 0.900000 0.933333 0.966667 1.000000 1.033333
1.066667 1.100000 1.133333 1.166667 1.200000 1.233333 1.266667 1.300000 1.333333 1.366667 1.400000 1.433333 1.466667 1.500000 1.533333 1.566667
1.600000 1.633333 1.666667 1.700000 1.733333 1.766667 1.800000 1.833333 1.866667 1.900000 1.933333 1.966667 2.000000 2.033333 2.066667 2.100000</float_array><technique_common><accessor source="#swat_Spine-Matrix-animation-input-array" count="64"><param name="TIME" type="float"/></accessor></technique_common></source><source id="swat_Spine-Matrix-animation-output-transform"><float_array id="swat_Spine-Matrix-animation-output-transform-array" count="1024">

0.999702 -0.013397 -0.020423 0.000000 0.013019 0.999743 -0.018534 9.226300 0.020666 0.018262 0.999620 1.577100 0.000000 0.000000 0.000000 1.000000
0.999678 -0.014852 -0.020557 -0.000000 0.014458 0.999711 -0.019198 9.226300 0.020837 0.018894 0.999604 1.577100 0.000000 0.000000 0.000000 1.000000
0.999608 -0.018668 -0.020843 0.000000 0.018259 0.999641 -0.019612 9.226300 0.021202 0.019223 0.999590 1.577100 0.000000 0.000000 0.000000 1.000000
0.999468 -0.024819 -0.021172 0.000000 0.024362 0.999470 -0.021579 9.226300 0.021696 0.021052 0.999543 1.577100 0.000000 0.000000 0.000000 1.000000
0.999239 -0.032588 -0.021413 0.000000 0.032002 0.999119 -0.027145 9.226300 0.022279 0.026439 0.999402 1.577100 0.000000 0.000000 0.000000 1.000000
0.998930 -0.040895 -0.021591 0.000000 0.040123 0.998580 -0.035051 9.226300 0.022994 0.034147 0.999152 1.577100 0.000000 0.000000 0.000000 1.000000
0.998837 -0.043152 -0.021503 -0.000000 0.042179 0.998149 -0.043809 9.226300 0.023353 0.042851 0.998809 1.577100 0.000000 0.000000 0.000000 1.000000
0.998923 -0.041270 -0.021211 0.000000 0.040098 0.997788 -0.053014 9.226300 0.023352 0.052106 0.998368 1.577100 0.000000 0.000000 0.000000 1.000000
0.999020 -0.039293 -0.020361 -0.000000 0.037957 0.997335 -0.062310 9.226300 0.022755 0.061476 0.997849 1.577100 0.000000 0.000000 0.000000 1.000000
0.999118 -0.037987 -0.017890 0.000000 0.036605 0.996725 -0.072105 9.226300 0.020570 0.071386 0.997237 1.577100 0.000000 0.000000 0.000000 1.000000
0.998950 -0.043220 -0.015185 0.000000 0.041849 0.995814 -0.081254 9.226300 0.018633 0.080533 0.996578 1.577100 0.000000 0.000000 0.000000 1.000000
0.998785 -0.047688 -0.012444 0.000000 0.046395 0.994946 -0.089056 9.226300 0.016628 0.088370 0.995949 1.577100 0.000000 0.000000 0.000000 1.000000
0.998617 -0.051684 -0.009653 0.000000 0.050549 0.994275 -0.094140 9.226300 0.014463 0.093521 0.995512 1.577100 0.000000 0.000000 0.000000 1.000000
0.998432 -0.055569 -0.006802 0.000000 0.054634 0.993659 -0.098275 9.226300 0.012220 0.097749 0.995136 1.577100 0.000000 0.000000 0.000000 1.000000
0.998295 -0.058235 -0.003904 0.000000 0.057535 0.993134 -0.101858 9.226300 0.009809 0.101460 0.994791 1.577100 0.000000 0.000000 0.000000 1.000000
0.998275 -0.058703 -0.000995 0.000000 0.058279 0.992840 -0.104272 9.226300 0.007109 0.104034 0.994548 1.577100 0.000000 0.000000 0.000000 1.000000
0.998368 -0.057073 0.001945 0.000000 0.056948 0.992499 -0.108181 9.226300 0.004244 0.108116 0.994129 1.577100 0.000000 0.000000 0.000000 1.000000
0.998445 -0.055543 0.004783 0.000000 0.055730 0.992218 -0.111347 9.226300 0.001438 0.111441 0.993770 1.577100 0.000000 0.000000 0.000000 1.000000
0.998685 -0.050778 0.007054 0.000000 0.051253 0.992084 -0.114643 9.226300 -0.001177 0.114854 0.993382 1.577100 0.000000 0.000000 0.000000 1.000000
0.999001 -0.043966 0.008060 0.000000 0.044607 0.992142 -0.116896 9.226300 -0.002858 0.117139 0.993111 1.577100 0.000000 0.000000 0.000000 1.000000
0.999284 -0.037032 0.007697 0.000000 0.037685 0.992180 -0.118989 9.226300 -0.003230 0.119194 0.992866 1.577100 0.000000 0.000000 0.000000 1.000000
0.999539 -0.029723 0.006182 0.000000 0.030253 0.992169 -0.121184 9.226300 -0.002531 0.121315 0.992611 1.577100 0.000000 0.000000 0.000000 1.000000
0.999754 -0.021861 0.003727 -0.000000 0.022154 0.992097 -0.123504 9.226300 -0.000997 0.123556 0.992337 1.577100 0.000000 0.000000 0.000000 1.000000
0.999906 -0.013651 0.001102 -0.000000 0.013681 0.991834 -0.126799 9.226300 0.000638 0.126802 0.991928 1.577100 0.000000 0.000000 0.000000 1.000000
0.999982 -0.005924 -0.000822 0.000000 0.005766 0.991484 -0.130102 9.226300 0.001585 0.130095 0.991500 1.577100 0.000000 0.000000 0.000000 1.000000
0.999998 0.000495 -0.001825 -0.000000 -0.000733 0.991147 -0.132765 9.226300 0.001743 0.132767 0.991146 1.577100 0.000000 0.000000 0.000000 1.000000
0.999990 0.004359 -0.001393 0.000000 -0.004506 0.990897 -0.134546 9.226300 0.000794 0.134551 0.990906 1.577100 0.000000 0.000000 0.000000 1.000000
0.999960 0.008890 -0.000759 0.000000 -0.008911 0.990699 -0.135777 9.226300 -0.000455 0.135779 0.990739 1.577100 0.000000 0.000000 0.000000 1.000000
0.999910 0.013371 -0.000528 0.000000 -0.013318 0.990636 -0.135876 9.226300 -0.001293 0.135871 0.990726 1.577100 0.000000 0.000000 0.000000 1.000000
0.999873 0.015871 -0.001273 0.000000 -0.015897 0.990618 -0.135730 9.226300 -0.000893 0.135733 0.990745 1.577100 0.000000 0.000000 0.000000 1.000000
0.999845 0.017387 -0.002667 -0.000000 -0.017588 0.990690 -0.134998 9.226300 0.000295 0.135024 0.990842 1.577100 0.000000 0.000000 0.000000 1.000000
0.999824 0.018139 -0.004782 0.000000 -0.018613 0.991017 -0.132432 9.226300 0.002336 0.132498 0.991181 1.577100 0.000000 0.000000 0.000000 1.000000
0.999761 0.020556 -0.007506 -0.000000 -0.021347 0.991576 -0.127756 9.226300 0.004817 0.127886 0.991777 1.577100 0.000000 0.000000 0.000000 1.000000
0.999636 0.024591 -0.011081 -0.000000 -0.025773 0.991999 -0.123586 9.226300 0.007953 0.123826 0.992272 1.577100 0.000000 0.000000 0.000000 1.000000
0.999360 0.033267 -0.013154 0.000000 -0.034595 0.992339 -0.118602 9.226300 0.009108 0.118981 0.992855 1.577100 0.000000 0.000000 0.000000 1.000000
0.998903 0.044485 -0.014606 0.000000 -0.045867 0.992378 -0.114375 9.226300 0.009407 0.114919 0.993330 1.577100 0.000000 0.000000 0.000000 1.000000
0.998494 0.052571 -0.015695 0.000000 -0.053974 0.992563 -0.109115 9.226300 0.009841 0.109798 0.993905 1.577100 0.000000 0.000000 0.000000 1.000000
0.998365 0.054675 -0.016693 -0.000000 -0.056127 0.992918 -0.104711 9.226300 0.010850 0.105477 0.994363 1.577100 0.000000 0.000000 0.000000 1.000000
0.998517 0.051488 -0.017671 -0.000000 -0.053009 0.993531 -0.100429 9.226300 0.012385 0.101217 0.994787 1.577100 0.000000 0.000000 0.000000 1.000000
0.998738 0.046868 -0.018040 -0.000000 -0.048393 0.994175 -0.096302 9.226300 0.013422 0.097053 0.995189 1.577100 0.000000 0.000000 0.000000 1.000000
0.998965 0.041516 -0.018606 0.000000 -0.043042 0.994926 -0.090938 9.226300 0.014736 0.091644 0.995683 1.577100 0.000000 0.000000 0.000000 1.000000
0.999205 0.034773 -0.019510 0.000000 -0.036317 0.995686 -0.085388 9.226300 0.016456 0.086029 0.996157 1.577100 0.000000 0.000000 0.000000 1.000000
0.999429 0.026548 -0.020878 0.000000 -0.028139 0.996398 -0.080001 9.226300 0.018679 0.080543 0.996576 1.577100 0.000000 0.000000 0.000000 1.000000
0.999559 0.016848 -0.024436 0.000000 -0.018634 0.997026 -0.074783 9.226300 0.023103 0.075205 0.996900 1.577100 0.000000 0.000000 0.000000 1.000000
0.999566 0.008054 -0.028321 0.000000 -0.010008 0.997527 -0.069565 9.226300 0.027691 0.069819 0.997175 1.577100 0.000000 0.000000 0.000000 1.000000
0.999579 0.001319 -0.028977 0.000000 -0.003184 0.997919 -0.064394 9.226300 0.028831 0.064459 0.997504 1.577100 0.000000 0.000000 0.000000 1.000000
0.999592 -0.005103 -0.028098 0.000000 0.003429 0.998233 -0.059322 9.226300 0.028351 0.059201 0.997843 1.577100 0.000000 0.000000 0.000000 1.000000
0.999619 -0.009453 -0.025938 0.000000 0.008032 0.998490 -0.054346 9.226300 0.026412 0.054117 0.998185 1.577100 0.000000 0.000000 0.000000 1.000000
0.999687 -0.011116 -0.022427 0.000000 0.009995 0.998723 -0.049517 9.226300 0.022949 0.049277 0.998521 1.577100 0.000000 0.000000 0.000000 1.000000
0.999729 -0.011772 -0.020082 0.000000 0.010859 0.998929 -0.044984 9.226300 0.020590 0.044753 0.998786 1.577100 0.000000 0.000000 0.000000 1.000000
0.999754 -0.012196 -0.018540 -0.000000 0.011431 0.999101 -0.040834 9.226300 0.019021 0.040612 0.998994 1.577100 0.000000 0.000000 0.000000 1.000000
0.999758 -0.012575 -0.018054 -0.000000 0.011897 0.999239 -0.037148 9.226300 0.018508 0.036924 0.999147 1.577100 0.000000 0.000000 0.000000 1.000000
0.999780 -0.012780 -0.016642 0.000000 0.012210 0.999349 -0.033934 9.226300 0.017065 0.033723 0.999286 1.577100 0.000000 0.000000 0.000000 1.000000
0.999803 -0.012752 -0.015241 0.000000 0.012275 0.999443 -0.031033 9.226300 0.015628 0.030839 0.999402 1.577100 0.000000 0.000000 0.000000 1.000000
0.999820 -0.012710 -0.014118 0.000000 0.012305 0.999520 -0.028424 9.226300 0.014472 0.028246 0.999496 1.577100 0.000000 0.000000 0.000000 1.000000
0.999825 -0.012688 -0.013732 0.000000 0.012326 0.999583 -0.026120 9.226300 0.014058 0.025946 0.999564 1.577100 0.000000 0.000000 0.000000 1.000000
0.999812 -0.012676 -0.014706 -0.000000 0.012319 0.999633 -0.024131 9.226300 0.015007 0.023945 0.999601 1.577100 0.000000 0.000000 0.000000 1.000000
0.999793 -0.012676 -0.015913 0.000000 0.012317 0.999672 -0.022445 9.226300 0.016192 0.022244 0.999621 1.577100 0.000000 0.000000 0.000000 1.000000
0.999765 -0.012684 -0.017588 0.000000 0.012312 0.999702 -0.021069 9.226300 0.017850 0.020847 0.999623 1.577100 0.000000 0.000000 0.000000 1.000000
0.999745 -0.012686 -0.018702 -0.000000 0.012311 0.999724 -0.019991 9.226300 0.018950 0.019756 0.999625 1.577100 0.000000 0.000000 0.000000 1.000000
0.999733 -0.012693 -0.019288 0.000000 0.012322 0.999739 -0.019214 9.226300 0.019527 0.018971 0.999629 1.577100 0.000000 0.000000 0.000000 1.000000
0.999727 -0.012708 -0.019607 0.000000 0.012340 0.999748 -0.018746 9.226300 0.019841 0.018499 0.999632 1.577100 0.000000 0.000000 0.000000 1.000000
0.999720 -0.012734 -0.019924 0.000000 0.012363 0.999750 -0.018630 9.226300 0.020156 0.018378 0.999628 1.577100 0.000000 0.000000 0.000000 1.000000
0.999714 -0.012768 -0.020240 0.000000 0.012392 0.999750 -0.018631 9.226300 0.020472 0.018375 0.999622 1.577100 0.000000 0.000000 0.000000 1.000000</float_array><technique_common><accessor source="#swat_Spine-Matrix-animation-output-transform-array" count="64" stride="16"><param type="float4x4"/></accessor></technique_common></source><source id="swat_Spine-Interpolations"><Name_array id="swat_Spine-Interpolations-array" count="64">
 LINEAR LINEAR LINEAR LINEAR LINEAR LINEAR LINEAR LINEAR LINEAR LINEAR LINEAR
LINEAR LINEAR LINEAR LINEAR LINEAR LINEAR LINEAR LINEAR LINEAR LINEAR LINEAR LINEAR
LINEAR LINEAR LINEAR LINEAR LINEAR LINEAR LINEAR LINEAR LINEAR LINEAR LINEAR LINEAR
LINEAR LINEAR LINEAR LINEAR LINEAR LINEAR LINEAR LINEAR LINEAR LINEAR LINEAR LINEAR
LINEAR LINEAR LINEAR LINEAR LINEAR LINEAR LINEAR LINEAR LINEAR LINEAR LINEAR LINEAR
LINEAR LINEAR LINEAR LINEAR LINEAR</Name_array><technique_common><accessor source="#swat_Spine-Interpolations-array" count="64"><param type="name"/></accessor></technique_common></source><sampler id="swat_Spine-Matrix-animation-transform"><input semantic="INPUT" source="#swat_Spine-Matrix-animation-input"/><input semantic="OUTPUT" source="#swat_Spine-Matrix-animation-output-transform"/><input semantic="INTERPOLATION" source="#swat_Spine-Interpolations"/></sampler><channel source="#swat_Spine-Matrix-animation-transform" target="swat_Spine/matrix"/></animation>
    <animation id="swat_Spine1-anim" name="swat_Spine1"><source id="swat_Spine1-Matrix-animation-input"><float_array id="swat_Spine1-Matrix-animation-input-array" count="64">

0.000000 0.033333 0.066667 0.100000 0.133333 0.166667 0.200000 0.233333 0.266667 0.300000 0.333333 0.366667 0.400000 0.433333 0.466667 0.500000
0.533333 0.566667 0.600000 0.633333 0.666667 0.700000 0.733333 0.766667 0.800000 0.833333 0.866667 0.900000 0.933333 0.966667 1.000000 1.033333
1.066667 1.100000 1.133333 1.166667 1.200000 1.233333 1.266667 1.300000 1.333333 1.366667 1.400000 1.433333 1.466667 1.500000 1.533333 1.566667
1.600000 1.633333 1.666667 1.700000 1.733333 1.766667 1.800000 1.833333 1.866667 1.900000 1.933333 1.966667 2.000000 2.033333 2.066667 2.100000</float_array><technique_common><accessor source="#swat_Spine1-Matrix-animation-input-array" count="64"><param name="TIME" type="float"/></accessor></technique_common></source><source id="swat_Spine1-Matrix-animation-output-transform"><float_array id="swat_Spine1-Matrix-animation-output-transform-array" count="1024">

0.999093 -0.003792 -0.042420 0.000000 0.004029 0.999977 0.005522 16.254000 0.042398 -0.005688 0.999085 -0.165600 0.000000 0.000000 0.000000 1.000000
0.999096 -0.003792 -0.042350 -0.000000 0.004023 0.999977 0.005388 16.254000 0.042328 -0.005554 0.999088 -0.165600 0.000000 0.000000 0.000000 1.000000
0.999109 -0.003792 -0.042042 0.000000 0.004010 0.999979 0.005109 16.254000 0.042022 -0.005273 0.999103 -0.165600 0.000000 0.000000 0.000000 1.000000
0.999136 -0.003504 -0.041419 0.000000 0.003684 0.999984 0.004259 16.254000 0.041404 -0.004408 0.999133 -0.165600 0.000000 0.000000 0.000000 1.000000
0.999176 -0.002893 -0.040479 0.000000 0.002844 0.999995 -0.001277 16.254000 0.040482 0.001160 0.999180 -0.165600 0.000000 0.000000 0.000000 1.000000
0.999230 -0.001636 -0.039200 0.000000 0.001092 0.999903 -0.013878 16.254000 0.039219 0.013824 0.999135 -0.165600 0.000000 0.000000 0.000000 1.000000
0.999275 0.003894 -0.037872 0.000000 -0.004996 0.999565 -0.029058 16.254000 0.037743 0.029226 0.998860 -0.165600 0.000000 0.000000 0.000000 1.000000
0.999298 0.010032 -0.036095 -0.000000 -0.011659 0.998912 -0.045154 16.254000 0.035603 0.045543 0.998328 -0.165600 0.000000 0.000000 0.000000 1.000000
0.999307 0.015767 -0.033718 -0.000000 -0.017785 0.998016 -0.060396 16.254000 0.032699 0.060954 0.997605 -0.165600 0.000000 0.000000 0.000000 1.000000
0.999381 0.019877 -0.029031 0.000000 -0.022003 0.996952 -0.074854 16.254000 0.027454 0.075447 0.996772 -0.165600 0.000000 0.000000 0.000000 1.000000
0.999484 0.021163 -0.024160 0.000000 -0.023243 0.995733 -0.089306 16.254000 0.022167 0.089821 0.995711 -0.165600 0.000000 0.000000 0.000000 1.000000
0.999590 0.021174 -0.019251 -0.000000 -0.023059 0.994347 -0.103647 16.254000 0.016947 0.104049 0.994428 -0.165600 0.000000 0.000000 0.000000 1.000000
0.999717 0.019060 -0.014221 0.000000 -0.020605 0.992819 -0.117838 16.254000 0.011873 0.118098 0.992931 -0.165600 0.000000 0.000000 0.000000 1.000000
0.999856 0.014342 -0.009025 0.000000 -0.015407 0.991154 -0.131820 16.254000 0.007054 0.131940 0.991233 -0.165600 0.000000 0.000000 0.000000 1.000000
0.999919 0.012024 -0.004133 0.000000 -0.012498 0.989279 -0.145501 16.254000 0.002340 0.145541 0.989350 -0.165600 0.000000 0.000000 0.000000 1.000000
0.999918 0.012763 0.000390 0.000000 -0.012539 0.987217 -0.158887 16.254000 -0.002413 0.158869 0.987297 -0.165600 0.000000 0.000000 0.000000 1.000000
0.999870 0.015451 0.004651 0.000000 -0.014421 0.984994 -0.171983 16.254000 -0.007238 0.171893 0.985089 -0.165600 0.000000 0.000000 0.000000 1.000000
0.999781 0.019012 0.008752 -0.000000 -0.017068 0.982633 -0.184774 16.254000 -0.012113 0.184584 0.982742 -0.165600 0.000000 0.000000 0.000000 1.000000
0.999613 0.025117 0.011987 0.000000 -0.022262 0.980100 -0.197251 16.254000 -0.016703 0.196907 0.980280 -0.165600 0.000000 0.000000 0.000000 1.000000
0.999346 0.033818 0.012836 0.000000 -0.030385 0.977367 -0.209357 16.254000 -0.019625 0.208829 0.977755 -0.165600 0.000000 0.000000 0.000000 1.000000
0.999000 0.043331 0.011054 0.000000 -0.039822 0.974464 -0.220983 16.254000 -0.020347 0.220321 0.975215 -0.165600 0.000000 0.000000 0.000000 1.000000
0.998536 0.053602 0.007225 0.000000 -0.050466 0.971393 -0.232052 16.254000 -0.019457 0.231348 0.972677 -0.165600 0.000000 0.000000 0.000000 1.000000
0.997953 0.063912 0.002109 -0.000000 -0.061494 0.968199 -0.242506 16.254000 -0.017541 0.241880 0.970148 -0.165600 0.000000 0.000000 0.000000 1.000000
0.997341 0.072825 -0.002809 0.000000 -0.071175 0.965008 -0.252375 16.254000 -0.015669 0.251904 0.967625 -0.165600 0.000000 0.000000 0.000000 1.000000
0.996818 0.079466 -0.006174 0.000000 -0.078359 0.962864 -0.258365 16.254000 -0.014586 0.258027 0.966028 -0.165600 0.000000 0.000000 0.000000 1.000000
0.996459 0.083716 -0.007805 0.000000 -0.082813 0.961173 -0.263229 16.254000 -0.014535 0.262943 0.964702 -0.165600 0.000000 0.000000 0.000000 1.000000
0.996119 0.087739 -0.006939 0.000000 -0.086408 0.959928 -0.266592 16.254000 -0.016730 0.266157 0.963784 -0.165600 0.000000 0.000000 0.000000 1.000000
0.995767 0.091727 -0.005892 0.000000 -0.089928 0.958963 -0.268891 16.254000 -0.019015 0.268283 0.963153 -0.165600 0.000000 0.000000 0.000000 1.000000
0.995463 0.094978 -0.005675 0.000000 -0.092999 0.958648 -0.268970 16.254000 -0.020106 0.268278 0.963132 -0.165600 0.000000 0.000000 0.000000 1.000000
0.995278 0.096794 -0.007297 0.000000 -0.095190 0.958535 -0.268606 16.254000 -0.019005 0.268032 0.963223 -0.165600 0.000000 0.000000 0.000000 1.000000
0.995261 0.096717 -0.010077 0.000000 -0.095888 0.958920 -0.266978 16.254000 -0.016158 0.266679 0.963650 -0.165600 0.000000 0.000000 0.000000 1.000000
0.995376 0.094961 -0.014438 0.000000 -0.095421 0.960409 -0.261743 16.254000 -0.010988 0.261910 0.965030 -0.165600 0.000000 0.000000 0.000000 1.000000
0.995567 0.092026 -0.019437 -0.000000 -0.093947 0.963028 -0.252488 16.254000 -0.004517 0.253195 0.967405 -0.165600 0.000000 0.000000 0.000000 1.000000
0.995788 0.088326 -0.024577 0.000000 -0.091657 0.965343 -0.244358 16.254000 0.002142 0.245582 0.969373 -0.165600 0.000000 0.000000 0.000000 1.000000
0.996001 0.084241 -0.029743 0.000000 -0.088881 0.967999 -0.234686 16.254000 0.009021 0.236391 0.971616 -0.165600 0.000000 0.000000 0.000000 1.000000
0.996177 0.080157 -0.034739 -0.000000 -0.085963 0.970248 -0.226338 16.254000 0.015563 0.228459 0.973429 -0.165600 0.000000 0.000000 0.000000 1.000000
0.996295 0.076461 -0.039369 0.000000 -0.083202 0.972788 -0.216241 16.254000 0.021763 0.218715 0.975546 -0.165600 0.000000 0.000000 0.000000 1.000000
0.996465 0.071998 -0.043292 -0.000000 -0.079466 0.974973 -0.207637 16.254000 0.027259 0.210343 0.977247 -0.165600 0.000000 0.000000 0.000000 1.000000
0.996821 0.065814 -0.044902 -0.000000 -0.073494 0.977187 -0.199257 16.254000 0.030764 0.201924 0.978918 -0.165600 0.000000 0.000000 0.000000 1.000000
0.997164 0.060437 -0.044839 -0.000000 -0.067797 0.980075 -0.186700 16.254000 0.032662 0.189211 0.981393 -0.165600 0.000000 0.000000 0.000000 1.000000
0.997495 0.054780 -0.044757 0.000000 -0.061746 0.982982 -0.173014 16.254000 0.034518 0.175344 0.983902 -0.165600 0.000000 0.000000 0.000000 1.000000
0.997784 0.048939 -0.045088 0.000000 -0.055506 0.985831 -0.158293 16.254000 0.036702 0.160445 0.986362 -0.165600 0.000000 0.000000 0.000000 1.000000
0.997998 0.042906 -0.046475 -0.000000 -0.049156 0.988506 -0.142970 16.254000 0.039806 0.144968 0.988635 -0.165600 0.000000 0.000000 0.000000 1.000000
0.997957 0.036396 -0.052505 0.000000 -0.042801 0.991039 -0.126533 16.254000 0.047429 0.128522 0.990572 -0.165600 0.000000 0.000000 0.000000 1.000000
0.997802 0.029843 -0.059169 0.000000 -0.036186 0.993360 -0.109212 16.254000 0.055517 0.111113 0.992256 -0.165600 0.000000 0.000000 0.000000 1.000000
0.997937 0.023954 -0.059568 0.000000 -0.029371 0.995345 -0.091793 16.254000 0.057092 0.093353 0.993995 -0.165600 0.000000 0.000000 0.000000 1.000000
0.998209 0.018481 -0.056899 -0.000000 -0.022713 0.996951 -0.074649 16.254000 0.055345 0.075808 0.995585 -0.165600 0.000000 0.000000 0.000000 1.000000
0.998559 0.013402 -0.051963 0.000000 -0.016430 0.998165 -0.058285 16.254000 0.051087 0.059054 0.996947 -0.165600 0.000000 0.000000 0.000000 1.000000
0.998964 0.008782 -0.044650 0.000000 -0.010715 0.999007 -0.043240 16.254000 0.044225 0.043674 0.998066 -0.165600 0.000000 0.000000 0.000000 1.000000
0.999196 0.004511 -0.039835 -0.000000 -0.005709 0.999533 -0.030024 16.254000 0.039681 0.030228 0.998755 -0.165600 0.000000 0.000000 0.000000 1.000000
0.999318 0.002420 -0.036833 0.000000 -0.003129 0.999811 -0.019201 16.254000 0.036780 0.019303 0.999137 -0.165600 0.000000 0.000000 0.000000 1.000000
0.999356 0.000565 -0.035888 0.000000 -0.000976 0.999934 -0.011450 16.254000 0.035879 0.011478 0.999290 -0.165600 0.000000 0.000000 0.000000 1.000000
0.999453 -0.000729 -0.033050 0.000000 0.000500 0.999976 -0.006952 16.254000 0.033054 0.006931 0.999430 -0.165600 0.000000 0.000000 0.000000 1.000000
0.999540 -0.001695 -0.030278 -0.000000 0.001587 0.999992 -0.003574 16.254000 0.030284 0.003524 0.999535 -0.165600 0.000000 0.000000 0.000000 1.000000
0.999603 -0.002426 -0.028066 0.000000 0.002403 0.999997 -0.000863 16.254000 0.028068 0.000795 0.999606 -0.165600 0.000000 0.000000 0.000000 1.000000
0.999624 -0.003051 -0.027263 0.000000 0.003086 0.999994 0.001249 16.254000 0.027259 -0.001333 0.999628 -0.165600 0.000000 0.000000 0.000000 1.000000
0.999572 -0.003727 -0.029023 -0.000000 0.003811 0.999989 0.002829 16.254000 0.029012 -0.002938 0.999575 -0.165600 0.000000 0.000000 0.000000 1.000000
0.999448 -0.004459 -0.032913 0.000000 0.004592 0.999982 0.003947 16.254000 0.032895 -0.004096 0.999450 -0.165600 0.000000 0.000000 0.000000 1.000000
0.999292 -0.005139 -0.037266 0.000000 0.005317 0.999975 0.004685 16.254000 0.037241 -0.004879 0.999294 -0.165600 0.000000 0.000000 0.000000 1.000000
0.999149 -0.005695 -0.040857 -0.000000 0.005909 0.999969 0.005122 16.254000 0.040826 -0.005359 0.999152 -0.165600 0.000000 0.000000 0.000000 1.000000
0.999095 -0.006026 -0.042117 0.000000 0.006253 0.999967 0.005249 16.254000 0.042084 -0.005508 0.999099 -0.165600 0.000000 0.000000 0.000000 1.000000
0.999085 -0.006301 -0.042297 -0.000000 0.006529 0.999965 0.005249 16.254000 0.042262 -0.005520 0.999091 -0.165600 0.000000 0.000000 0.000000 1.000000
0.999082 -0.006266 -0.042381 0.000000 0.006494 0.999965 0.005249 16.254000 0.042346 -0.005519 0.999088 -0.165600 0.000000 0.000000 0.000000 1.000000
0.999084 -0.005214 -0.042470 0.000000 0.005442 0.999971 0.005249 16.254000 0.042442 -0.005475 0.999084 -0.165600 0.000000 0.000000 0.000000 1.000000</float_array><technique_common><accessor source="#swat_Spine1-Matrix-animation-output-transform-array" count="64" stride="16"><param type="float4x4"/></accessor></technique_common></source><source id="swat_Spine1-Interpolations"><Name_array id="swat_Spine1-Interpolations-array" count="64">
 LINEAR LINEAR LINEAR LINEAR LINEAR LINEAR LINEAR LINEAR LINEAR LINEAR LINEAR
LINEAR LINEAR LINEAR LINEAR LINEAR LINEAR LINEAR LINEAR LINEAR LINEAR LINEAR LINEAR
LINEAR LINEAR LINEAR LINEAR LINEAR LINEAR LINEAR LINEAR LINEAR LINEAR LINEAR LINEAR
LINEAR LINEAR LINEAR LINEAR LINEAR LINEAR LINEAR LINEAR LINEAR LINEAR LINEAR LINEAR
LINEAR LINEAR LINEAR LINEAR LINEAR LINEAR LINEAR LINEAR LINEAR LINEAR LINEAR LINEAR
LINEAR LINEAR LINEAR LINEAR LINEAR</Name_array><technique_common><accessor source="#swat_Spine1-Interpolations-array" count="64"><param type="name"/></accessor></technique_common></source><sampler id="swat_Spine1-Matrix-animation-transform"><input semantic="INPUT" source="#swat_Spine1-Matrix-animation-input"/><input semantic="OUTPUT" source="#swat_Spine1-Matrix-animation-output-transform"/><input semantic="INTERPOLATION" source="#swat_Spine1-Interpolations"/></sampler><channel source="#swat_Spine1-Matrix-animation-transform" target="swat_Spine1/matrix"/></animation>
    <animation id="swat_Spine2-anim" name="swat_Spine2"><source id="swat_Spine2-Matrix-animation-input"><float_array id="swat_Spine2-Matrix-animation-input-array" count="64">

0.000000 0.033333 0.066667 0.100000 0.133333 0.166667 0.200000 0.233333 0.266667 0.300000 0.333333 0.366667 0.400000 0.433333 0.466667 0.500000
0.533333 0.566667 0.600000 0.633333 0.666667 0.700000 0.733333 0.766667 0.800000 0.833333 0.866667 0.900000 0.933333 0.966667 1.000000 1.033333
1.066667 1.100000 1.133333 1.166667 1.200000 1.233333 1.266667 1.300000 1.333333 1.366667 1.400000 1.433333 1.466667 1.500000 1.533333 1.566667
1.600000 1.633333 1.666667 1.700000 1.733333 1.766667 1.800000 1.833333 1.866667 1.900000 1.933333 1.966667 2.000000 2.033333 2.066667 2.100000</float_array><technique_common><accessor source="#swat_Spine2-Matrix-animation-input-array" count="64"><param name="TIME" type="float"/></accessor></technique_common></source><source id="swat_Spine2-Matrix-animation-output-transform"><float_array id="swat_Spine2-Matrix-animation-output-transform-array" count="1024">

0.999093 -0.005788 -0.042196 0.000000 0.006017 0.999968 0.005291 13.639600 0.042164 -0.005540 0.999095 -1.292300 0.000000 0.000000 0.000000 1.000000
0.999122 -0.006416 -0.041406 0.000000 0.006625 0.999966 0.004915 13.639600 0.041373 -0.005185 0.999130 -1.292300 0.000000 0.000000 0.000000 1.000000
0.999190 -0.006819 -0.039658 0.000000 0.007007 0.999965 0.004603 13.639600 0.039625 -0.004877 0.999203 -1.292300 0.000000 0.000000 0.000000 1.000000
0.999284 -0.006847 -0.037215 0.000000 0.007002 0.999967 0.004025 13.639600 0.037186 -0.004283 0.999299 -1.292300 0.000000 0.000000 0.000000 1.000000
0.999390 -0.006417 -0.034316 0.000000 0.006328 0.999976 -0.002689 13.639600 0.034333 0.002470 0.999407 -1.292300 0.000000 0.000000 0.000000 1.000000
0.999497 -0.005137 -0.031308 0.000000 0.004571 0.999825 -0.018130 13.639600 0.031395 0.017978 0.999345 -1.292300 0.000000 0.000000 0.000000 1.000000
0.999555 0.001394 -0.029795 0.000000 -0.002497 0.999312 -0.037005 13.639600 0.029723 0.037063 0.998871 -1.292300 0.000000 0.000000 0.000000 1.000000
0.999583 0.006877 -0.028034 0.000000 -0.008488 0.998295 -0.057745 13.639600 0.027589 0.057959 0.997938 -1.292300 0.000000 0.000000 0.000000 1.000000
0.999588 0.011496 -0.026308 -0.000000 -0.013532 0.996818 -0.078556 13.639600 0.025321 0.078879 0.996563 -1.292300 0.000000 0.000000 0.000000 1.000000
0.999600 0.015078 -0.023941 0.000000 -0.017425 0.994727 -0.101067 13.639600 0.022290 0.101444 0.994591 -1.292300 0.000000 0.000000 0.000000 1.000000
0.999651 0.017084 -0.020156 0.000000 -0.019442 0.992185 -0.123252 13.639600 0.017893 0.123601 0.992171 -1.292300 0.000000 0.000000 0.000000 1.000000
0.999718 0.018139 -0.015353 -0.000000 -0.020167 0.989328 -0.144301 13.639600 0.012572 0.144570 0.989415 -1.292300 0.000000 0.000000 0.000000 1.000000
0.999813 0.016943 -0.009327 0.000000 -0.018240 0.986385 -0.163438 13.639600 0.006431 0.163577 0.986510 -1.292300 0.000000 0.000000 0.000000 1.000000
0.999922 0.012352 -0.001919 0.000000 -0.012496 0.983600 -0.179930 13.639600 -0.000335 0.179940 0.983678 -1.292300 0.000000 0.000000 0.000000 1.000000
0.999942 0.009553 0.005038 -0.000000 -0.008395 0.980995 -0.193850 13.639600 -0.006794 0.193797 0.981018 -1.292300 0.000000 0.000000 0.000000 1.000000
0.999878 0.011639 0.010370 0.000000 -0.009258 0.978566 -0.205726 13.639600 -0.012542 0.205605 0.978555 -1.292300 0.000000 0.000000 0.000000 1.000000
0.999778 0.014714 0.015097 0.000000 -0.011107 0.976329 -0.216005 13.639600 -0.017918 0.215789 0.976276 -1.292300 0.000000 0.000000 0.000000 1.000000
0.999637 0.018621 0.019473 0.000000 -0.013796 0.974556 -0.223718 13.639600 -0.023143 0.223368 0.974459 -1.292300 0.000000 0.000000 0.000000 1.000000
