<?xml version="1.0" encoding="utf-8"?>
<COLLADA xmlns="http://www.collada.org/2005/11/COLLADASchema" version="1.4.1">
  <asset><contributor><author>Mixamo</author><authoring_tool>COLLADA Mixamo exporter</authoring_tool><comments></comments></contributor><created>2018-12-20T20:11:06Z</created><modified>2018-12-20T20:11:06Z</modified><revision></revision><title></title><unit meter="0.010000"/><up_axis>Y_UP</up_axis></asset>
  <library_animations>
    <animation id="swat_Hips-anim" name="swat_Hips"><source id="swat_Hips-Matrix-animation-input"><float_array id="swat_Hips-Matrix-animation-input-array" count="113">

0.000000 0.033333 0.066667 0.100000 0.133333 0.166667 0.200000 0.233333 0.266667 0.300000 0.333333 0.366667 0.400000 0.433333 0.466667 0.500000
0.533333 0.566667 0.600000 0.633333 0.666667 0.700000 0.733333 0.766667 0.800000 0.833333 0.866667 0.900000 0.933333 0.966667 1.000000 1.033333
1.066667 1.100000 1.133333 1.166667 1.200000 1.233333 1.266667 1.300000 1.333333 1.366667 1.400000 1.433333 1.466667 1.500000 1.533333 1.566667
1.600000 1.633333 1.666667 1.700000 1.733333 1.766667 1.800000 1.833333 1.866667 1.900000 1.933333 1.966667 2.000000 2.033333 2.066667 2.100000
2.133333 2.166667 2.200000 2.233333 2.266667 2.300000 2.333333 2.366667 2.400000 2.433333 2.466667 2.500000 2.533333 2.566667 2.600000 2.633333
2.666667 2.700000 2.733333 2.766667 2.800000 2.833333 2.866667 2.900000 2.933333 2.966667 3.000000 3.033333 3.066667 3.100000 3.133333 3.166667
3.200000 3.233333 3.266667 3.300000 3.333333 3.366667 3.400000 3.433333 3.466667 3.500000 3.533333 3.566667 3.600000 3.633333 3.666667 3.700000
3.733333</float_array><technique_common><accessor source="#swat_Hips-Matrix-animation-input-array" count="113"><param name="TIME" type="float"/></accessor></technique_common></source><source id="swat_Hips-Matrix-animation-output-transform"><float_array id="swat_Hips-Matrix-animation-output-transform-array" count="1808">

0.998110 0.032110 0.052404 -0.226306 -0.035488 0.997263 0.064864 94.624741 -0.050177 -0.066601 0.996517 0.552301 0.000000 0.000000 0.000000 1.000000
0.998095 0.031519 0.053045 -0.204367 -0.034967 0.997247 0.065384 94.626862 -0.050838 -0.067114 0.996449 0.475470 0.000000 0.000000 0.000000 1.000000
0.998080 0.031642 0.053239 -0.189631 -0.035166 0.997159 0.066618 94.626541 -0.050980 -0.068363 0.996357 0.391277 0.000000 0.000000 0.000000 1.000000
0.998048 0.031424 0.053970 -0.170948 -0.035061 0.997081 0.067820 94.627151 -0.051681 -0.069580 0.996237 0.294322 0.000000 0.000000 0.000000 1.000000
0.998017 0.030926 0.054819 -0.147279 -0.034689 0.997009 0.069069 94.629959 -0.052519 -0.070834 0.996105 0.188243 0.000000 0.000000 0.000000 1.000000
0.998006 0.030278 0.055376 -0.115027 -0.034173 0.996905 0.070805 94.624184 -0.053061 -0.072556 0.995952 0.076403 0.000000 0.000000 0.000000 1.000000
0.998011 0.029639 0.055638 -0.080159 -0.033671 0.996764 0.072997 94.618446 -0.053295 -0.074725 0.995779 -0.044951 0.000000 0.000000 0.000000 1.000000
0.998091 0.028178 0.054956 -0.024085 -0.032319 0.996586 0.075974 94.615868 -0.052628 -0.077605 0.995594 -0.168044 0.000000 0.000000 0.000000 1.000000
0.998249 0.026809 0.052727 0.036655 -0.030939 0.996382 0.079151 94.609497 -0.050414 -0.080644 0.995467 -0.305668 0.000000 0.000000 0.000000 1.000000
0.998438 0.026518 0.049184 0.083049 -0.030515 0.996133 0.082389 94.599632 -0.046809 -0.083761 0.995386 -0.478055 0.000000 0.000000 0.000000 1.000000
0.998575 0.026967 0.046051 0.111295 -0.030907 0.995719 0.087107 94.572403 -0.043505 -0.088406 0.995134 -0.652230 0.000000 0.000000 0.000000 1.000000
0.998705 0.025993 0.043732 0.157967 -0.029952 0.995266 0.092456 94.528557 -0.041121 -0.093646 0.994756 -0.828659 0.000000 0.000000 0.000000 1.000000
0.998799 0.025660 0.041750 0.221144 -0.029645 0.994764 0.097805 94.465431 -0.039022 -0.098926 0.994329 -0.994535 0.000000 0.000000 0.000000 1.000000
0.998858 0.025222 0.040572 0.274412 -0.029247 0.994367 0.101875 94.363785 -0.037774 -0.102945 0.993970 -1.177495 0.000000 0.000000 0.000000 1.000000
0.998854 0.024783 0.040954 0.314686 -0.029010 0.993935 0.106071 94.272629 -0.038077 -0.107138 0.993515 -1.340212 0.000000 0.000000 0.000000 1.000000
0.998914 0.025572 0.038944 0.345430 -0.029831 0.993144 0.113031 94.218864 -0.035787 -0.114070 0.992828 -1.437683 0.000000 0.000000 0.000000 1.000000
0.999099 0.025965 0.033567 0.391130 -0.029804 0.992390 0.119469 94.179115 -0.030210 -0.120362 0.992270 -1.474997 0.000000 0.000000 0.000000 1.000000
0.999198 0.026932 0.029623 0.425405 -0.030415 0.991789 0.124215 94.168831 -0.026034 -0.125016 0.991813 -1.467809 0.000000 0.000000 0.000000 1.000000
0.999198 0.028501 0.028128 0.442732 -0.031862 0.991348 0.127333 94.178177 -0.024255 -0.128127 0.991461 -1.416537 0.000000 0.000000 0.000000 1.000000
0.999147 0.029625 0.028776 0.452766 -0.033115 0.991024 0.129516 94.194000 -0.024681 -0.130358 0.991160 -1.309936 0.000000 0.000000 0.000000 1.000000
0.999055 0.030714 0.030748 0.485494 -0.034497 0.990750 0.131243 94.213341 -0.026433 -0.132179 0.990873 -1.191435 0.000000 0.000000 0.000000 1.000000
0.999007 0.030994 0.032004 0.534010 -0.035011 0.990399 0.133732 94.241867 -0.027552 -0.134719 0.990501 -1.039262 0.000000 0.000000 0.000000 1.000000
0.999102 0.029149 0.030744 0.618576 -0.033137 0.989821 0.138408 94.276527 -0.026397 -0.139302 0.989898 -0.846754 0.000000 0.000000 0.000000 1.000000
0.999279 0.026217 0.027473 0.723334 -0.029855 0.989457 0.141717 94.300102 -0.023468 -0.142435 0.989526 -0.657695 0.000000 0.000000 0.000000 1.000000
0.999434 0.023204 0.024353 0.803333 -0.026464 0.989307 0.143424 94.325661 -0.020765 -0.143988 0.989362 -0.509192 0.000000 0.000000 0.000000 1.000000
0.999559 0.020193 0.021773 0.878032 -0.023148 0.989108 0.145361 94.352806 -0.018600 -0.145801 0.989139 -0.364076 0.000000 0.000000 0.000000 1.000000
0.999690 0.016190 0.018893 0.963309 -0.018801 0.988900 0.147391 94.359970 -0.016297 -0.147701 0.988898 -0.243052 0.000000 0.000000 0.000000 1.000000
0.999793 0.013140 0.015525 1.010469 -0.015283 0.989007 0.147078 94.358757 -0.013422 -0.147285 0.989003 -0.155161 0.000000 0.000000 0.000000 1.000000
0.999840 0.012162 0.013147 1.001563 -0.013950 0.989222 0.145755 94.364052 -0.011233 -0.145915 0.989233 -0.070379 0.000000 0.000000 0.000000 1.000000
0.999823 0.013023 0.013555 0.935201 -0.014852 0.989318 0.145017 94.382629 -0.011522 -0.145192 0.989336 0.018706 0.000000 0.000000 0.000000 1.000000
0.999753 0.015228 0.016214 0.849695 -0.017413 0.989352 0.144500 94.400040 -0.013841 -0.144747 0.989372 0.098270 0.000000 0.000000 0.000000 1.000000
0.999633 0.020186 0.018044 0.745182 -0.022586 0.989238 0.144559 94.421875 -0.014932 -0.144914 0.989332 0.165074 0.000000 0.000000 0.000000 1.000000
0.999497 0.026336 0.017655 0.644551 -0.028621 0.989014 0.145025 94.438408 -0.013642 -0.145457 0.989270 0.217273 0.000000 0.000000 0.000000 1.000000
0.999404 0.031059 0.015076 0.563649 -0.032919 0.988899 0.144897 94.431267 -0.010408 -0.145307 0.989332 0.247002 0.000000 0.000000 0.000000 1.000000
0.999393 0.032818 0.011722 0.506738 -0.034159 0.989106 0.143189 94.413048 -0.006895 -0.143503 0.989626 0.244525 0.000000 0.000000 0.000000 1.000000
0.999452 0.031851 0.009001 0.472143 -0.032800 0.989548 0.140422 94.404640 -0.004434 -0.140640 0.990051 0.222581 0.000000 0.000000 0.000000 1.000000
0.999542 0.029178 0.008017 0.439095 -0.030005 0.990016 0.137722 94.412117 -0.003918 -0.137900 0.990438 0.200220 0.000000 0.000000 0.000000 1.000000
0.999620 0.026281 0.008261 0.399058 -0.027162 0.990298 0.136278 94.423897 -0.004599 -0.136450 0.990636 0.186904 0.000000 0.000000 0.000000 1.000000
0.999678 0.023673 0.009111 0.367519 -0.024691 0.990428 0.135801 94.430344 -0.005809 -0.135982 0.990694 0.191439 0.000000 0.000000 0.000000 1.000000
0.999692 0.022447 0.010544 0.310089 -0.023666 0.990567 0.134973 94.441383 -0.007415 -0.135181 0.990793 0.219775 0.000000 0.000000 0.000000 1.000000
0.999674 0.023069 0.010943 0.244054 -0.024327 0.990713 0.133777 94.455971 -0.007756 -0.134000 0.990951 0.276964 0.000000 0.000000 0.000000 1.000000
0.999646 0.024463 0.010480 0.187687 -0.025641 0.990761 0.133172 94.472740 -0.007126 -0.133394 0.991037 0.372823 0.000000 0.000000 0.000000 1.000000
0.999618 0.025772 0.010025 0.138584 -0.026878 0.990733 0.133135 94.487831 -0.006501 -0.133353 0.991047 0.492625 0.000000 0.000000 0.000000 1.000000
0.999599 0.026792 0.009145 0.093363 -0.027774 0.990634 0.133691 94.497375 -0.005478 -0.133891 0.990981 0.614744 0.000000 0.000000 0.000000 1.000000
0.999581 0.027814 0.008069 0.050424 -0.028647 0.990493 0.134546 94.490860 -0.004250 -0.134721 0.990875 0.733790 0.000000 0.000000 0.000000 1.000000
0.999573 0.028255 0.007505 0.006099 -0.029006 0.990591 0.133745 94.488701 -0.003656 -0.133906 0.990987 0.825134 0.000000 0.000000 0.000000 1.000000
0.999567 0.028566 0.007048 -0.031321 -0.029249 0.990717 0.132759 94.486618 -0.003191 -0.132908 0.991123 0.908644 0.000000 0.000000 0.000000 1.000000
0.999568 0.028732 0.006139 -0.063557 -0.029289 0.990912 0.131284 94.489944 -0.002311 -0.131407 0.991326 0.976985 0.000000 0.000000 0.000000 1.000000
0.999566 0.028887 0.005756 -0.095035 -0.029390 0.991143 0.129509 94.488815 -0.001963 -0.129622 0.991561 1.045877 0.000000 0.000000 0.000000 1.000000
0.999557 0.029328 0.005107 -0.113375 -0.029740 0.991340 0.127910 94.489868 -0.001311 -0.128005 0.991773 1.125273 0.000000 0.000000 0.000000 1.000000
0.999547 0.029860 0.003740 -0.128072 -0.030093 0.991512 0.126488 94.491707 0.000069 -0.126544 0.991961 1.209564 0.000000 0.000000 0.000000 1.000000
0.999515 0.031010 0.002828 -0.165546 -0.031120 0.991622 0.125370 94.497559 0.001083 -0.125397 0.992106 1.300741 0.000000 0.000000 0.000000 1.000000
0.999472 0.032388 0.002426 -0.205316 -0.032439 0.991738 0.124110 94.507683 0.001614 -0.124123 0.992266 1.388714 0.000000 0.000000 0.000000 1.000000
0.999429 0.033683 0.002692 -0.235599 -0.033760 0.991912 0.122359 94.519806 0.001452 -0.122380 0.992482 1.487222 0.000000 0.000000 0.000000 1.000000
0.999376 0.035261 0.002067 -0.258074 -0.035254 0.992115 0.120273 94.533478 0.002191 -0.120270 0.992739 1.590133 0.000000 0.000000 0.000000 1.000000
0.999325 0.036724 -0.000248 -0.269474 -0.036437 0.992303 0.118352 94.546112 0.004593 -0.118263 0.992972 1.702895 0.000000 0.000000 0.000000 1.000000
0.999257 0.038402 -0.003152 -0.284357 -0.037780 0.992576 0.115613 94.562508 0.007569 -0.115408 0.993289 1.796081 0.000000 0.000000 0.000000 1.000000
0.999225 0.039095 -0.004670 -0.294837 -0.038324 0.992936 0.112294 94.574303 0.009027 -0.112028 0.993664 1.879332 0.000000 0.000000 0.000000 1.000000
0.999208 0.039460 -0.005076 -0.303162 -0.038670 0.993257 0.109294 94.588310 0.009354 -0.109011 0.993997 1.969057 0.000000 0.000000 0.000000 1.000000
0.999197 0.039892 -0.003792 -0.313296 -0.039269 0.993635 0.105579 94.600662 0.007980 -0.105345 0.994404 2.029541 0.000000 0.000000 0.000000 1.000000
0.999189 0.040197 -0.002191 -0.323960 -0.039765 0.993999 0.101902 94.612541 0.006274 -0.101732 0.994792 2.083461 0.000000 0.000000 0.000000 1.000000
0.999225 0.039341 -0.000886 -0.321529 -0.039057 0.994265 0.099556 94.618599 0.004797 -0.099444 0.995032 2.152215 0.000000 0.000000 0.000000 1.000000
0.999288 0.037714 0.001102 -0.320829 -0.037642 0.994539 0.097339 94.625595 0.002575 -0.097311 0.995251 2.209446 0.000000 0.000000 0.000000 1.000000
0.999367 0.035380 0.003777 -0.326651 -0.035579 0.994915 0.094220 94.630745 -0.000424 -0.094294 0.995544 2.229604 0.000000 0.000000 0.000000 1.000000
0.999427 0.032909 0.007971 -0.340326 -0.033497 0.995301 0.090854 94.631363 -0.004944 -0.091069 0.995832 2.229746 0.000000 0.000000 0.000000 1.000000
0.999486 0.029056 0.013575 -0.376587 -0.030133 0.995718 0.087392 94.630531 -0.010978 -0.087756 0.996081 2.234671 0.000000 0.000000 0.000000 1.000000
0.999405 0.025219 0.023531 -0.464173 -0.027102 0.996139 0.083500 94.641113 -0.021334 -0.084088 0.996230 2.245399 0.000000 0.000000 0.000000 1.000000
0.999136 0.019572 0.036657 -0.613076 -0.022364 0.996752 0.077360 94.669052 -0.035024 -0.078113 0.996329 2.210912 0.000000 0.000000 0.000000 1.000000
0.998492 0.011869 0.053591 -0.806027 -0.015583 0.997465 0.069434 94.700668 -0.052631 -0.070164 0.996146 2.147642 0.000000 0.000000 0.000000 1.000000
0.997344 0.003299 0.072765 -1.018323 -0.007621 0.998218 0.059190 94.733223 -0.072440 -0.059587 0.995591 2.016213 0.000000 0.000000 0.000000 1.000000
0.995610 -0.002228 0.093567 -1.258220 -0.002459 0.998749 0.049948 94.748550 -0.093561 -0.049959 0.994359 1.903514 0.000000 0.000000 0.000000 1.000000
0.993397 -0.007617 0.114475 -1.476705 0.002707 0.999072 0.042989 94.770905 -0.114696 -0.042396 0.992496 1.812916 0.000000 0.000000 0.000000 1.000000
0.991125 -0.011982 0.132392 -1.671615 0.007059 0.999268 0.037596 94.785439 -0.132745 -0.036328 0.990484 1.706156 0.000000 0.000000 0.000000 1.000000
0.989357 -0.013883 0.144842 -1.817147 0.008892 0.999346 0.035047 94.787773 -0.145234 -0.033386 0.988834 1.621762 0.000000 0.000000 0.000000 1.000000
0.988220 -0.013680 0.152429 -1.883992 0.008474 0.999360 0.034755 94.780281 -0.152807 -0.033054 0.987703 1.532530 0.000000 0.000000 0.000000 1.000000
0.987348 -0.011885 0.158125 -1.880281 0.006420 0.999366 0.035030 94.764526 -0.158441 -0.033572 0.986798 1.431942 0.000000 0.000000 0.000000 1.000000
0.986969 -0.009249 0.160647 -1.808952 0.003717 0.999391 0.034704 94.750259 -0.160870 -0.033655 0.986402 1.325612 0.000000 0.000000 0.000000 1.000000
0.986910 -0.006791 0.161132 -1.711299 0.001451 0.999447 0.033234 94.734917 -0.161268 -0.032565 0.986373 1.197691 0.000000 0.000000 0.000000 1.000000
0.987300 -0.004612 0.158800 -1.606535 -0.000801 0.999421 0.034005 94.720596 -0.158865 -0.033700 0.986725 1.071107 0.000000 0.000000 0.000000 1.000000
0.988131 -0.000264 0.153616 -1.486253 -0.005553 0.999284 0.037435 94.707024 -0.153516 -0.037844 0.987421 0.953344 0.000000 0.000000 0.000000 1.000000
0.989408 0.005896 0.145042 -1.364096 -0.012215 0.999013 0.042712 94.698341 -0.144647 -0.044031 0.988503 0.828278 0.000000 0.000000 0.000000 1.000000
0.990988 0.013297 0.133290 -1.263486 -0.019748 0.998690 0.047195 94.684280 -0.132488 -0.049402 0.989953 0.677931 0.000000 0.000000 0.000000 1.000000
0.992902 0.022007 0.116879 -1.173755 -0.028366 0.998190 0.053028 94.668549 -0.115501 -0.055967 0.991729 0.554334 0.000000 0.000000 0.000000 1.000000
0.994720 0.030977 0.097836 -1.103275 -0.036752 0.997652 0.057795 94.658821 -0.095816 -0.061086 0.993523 0.413806 0.000000 0.000000 0.000000 1.000000
0.996533 0.038934 0.073531 -0.996691 -0.043470 0.997182 0.061136 94.638405 -0.070943 -0.064120 0.995417 0.282946 0.000000 0.000000 0.000000 1.000000
0.997928 0.045762 0.045232 -0.849582 -0.048638 0.996721 0.064662 94.603737 -0.042124 -0.066728 0.996882 0.180816 0.000000 0.000000 0.000000 1.000000
0.998642 0.049892 0.015014 -0.691248 -0.050797 0.996418 0.067606 94.574760 -0.011587 -0.068277 0.997599 0.099706 0.000000 0.000000 0.000000 1.000000
0.998541 0.052230 -0.013715 -0.538845 -0.051138 0.996192 0.070615 94.541222 0.017351 -0.069810 0.997409 0.027115 0.000000 0.000000 0.000000 1.000000
0.997807 0.053933 -0.038369 -0.425557 -0.051049 0.996058 0.072547 94.509201 0.042130 -0.070429 0.996627 -0.044570 0.000000 0.000000 0.000000 1.000000
0.996825 0.055965 -0.056645 -0.367338 -0.051734 0.995946 0.073595 94.472740 0.060534 -0.070430 0.995678 -0.092549 0.000000 0.000000 0.000000 1.000000
0.995887 0.056791 -0.070598 -0.313497 -0.051531 0.995909 0.074222 94.454132 0.074525 -0.070279 0.994740 -0.125346 0.000000 0.000000 0.000000 1.000000
0.995352 0.056471 -0.078006 -0.282085 -0.050641 0.995912 0.074798 94.438927 0.081911 -0.070500 0.994143 -0.135537 0.000000 0.000000 0.000000 1.000000
0.995118 0.055767 -0.081428 -0.273478 -0.049651 0.995925 0.075291 94.428719 0.085295 -0.070880 0.993831 -0.134177 0.000000 0.000000 0.000000 1.000000
0.995081 0.055480 -0.082076 -0.280941 -0.049289 0.995917 0.075625 94.419754 0.085936 -0.071207 0.993753 -0.115079 0.000000 0.000000 0.000000 1.000000
0.995362 0.054277 -0.079422 -0.298467 -0.048266 0.995958 0.075749 94.416389 0.083212 -0.071564 0.993959 -0.083463 0.000000 0.000000 0.000000 1.000000
0.995957 0.053375 -0.072255 -0.339879 -0.047921 0.996015 0.075220 94.423126 0.075982 -0.071453 0.994546 -0.053350 0.000000 0.000000 0.000000 1.000000
0.996606 0.051262 -0.064403 -0.362714 -0.046382 0.996096 0.075109 94.441444 0.068002 -0.071867 0.995093 -0.021469 0.000000 0.000000 0.000000 1.000000
0.997219 0.049502 -0.055710 -0.383094 -0.045259 0.996154 0.075020 94.466652 0.059209 -0.072290 0.995625 0.008632 0.000000 0.000000 0.000000 1.000000
0.997770 0.047896 -0.046485 -0.400090 -0.044329 0.996201 0.074952 94.481163 0.049899 -0.072725 0.996103 0.034865 0.000000 0.000000 0.000000 1.000000
0.998218 0.046592 -0.037288 -0.408603 -0.043725 0.996275 0.074323 94.496902 0.040612 -0.072560 0.996537 0.043460 0.000000 0.000000 0.000000 1.000000
0.998589 0.045503 -0.027369 -0.424480 -0.043378 0.996331 0.073778 94.515961 0.030626 -0.072487 0.996899 0.038783 0.000000 0.000000 0.000000 1.000000
0.998912 0.043224 -0.017518 -0.406393 -0.041820 0.996395 0.073816 94.527000 0.020645 -0.073003 0.997118 0.071445 0.000000 0.000000 0.000000 1.000000
0.999119 0.041323 -0.007257 -0.389621 -0.040678 0.996458 0.073596 94.551064 0.010272 -0.073236 0.997262 0.117236 0.000000 0.000000 0.000000 1.000000
0.999225 0.039157 0.003914 -0.372701 -0.039338 0.996584 0.072620 94.564941 -0.001057 -0.072718 0.997352 0.160302 0.000000 0.000000 0.000000 1.000000
0.999142 0.038304 0.015724 -0.373219 -0.039332 0.996677 0.071328 94.592735 -0.012939 -0.071885 0.997329 0.197967 0.000000 0.000000 0.000000 1.000000
0.998973 0.036606 0.026701 -0.360040 -0.038406 0.996781 0.070369 94.616310 -0.024039 -0.071322 0.997164 0.253170 0.000000 0.000000 0.000000 1.000000
0.998679 0.035258 0.037378 -0.355077 -0.037775 0.996907 0.068915 94.633331 -0.034833 -0.070236 0.996922 0.299518 0.000000 0.000000 0.000000 1.000000
0.998332 0.033865 0.046751 -0.342277 -0.037001 0.997003 0.067934 94.632973 -0.044310 -0.069551 0.996594 0.350135 0.000000 0.000000 0.000000 1.000000
0.997955 0.033202 0.054625 -0.339328 -0.036863 0.997042 0.067442 94.629395 -0.052224 -0.069317 0.996227 0.399400 0.000000 0.000000 0.000000 1.000000
0.997676 0.032627 0.059816 -0.329167 -0.036601 0.997110 0.066580 94.631226 -0.057471 -0.068615 0.995986 0.436828 0.000000 0.000000 0.000000 1.000000
0.997573 0.032072 0.061806 -0.310183 -0.036137 0.997178 0.065808 94.633080 -0.059521 -0.067882 0.995916 0.468793 0.000000 0.000000 0.000000 1.000000
0.997668 0.031683 0.060452 -0.281724 -0.035619 0.997238 0.065169 94.630287 -0.058221 -0.067171 0.996041 0.501818 0.000000 0.000000 0.000000 1.000000
0.997933 0.031854 0.055812 -0.245601 -0.035458 0.997267 0.064814 94.625908 -0.053595 -0.066659 0.996335 0.533220 0.000000 0.000000 0.000000 1.000000</float_array><technique_common><accessor source="#swat_Hips-Matrix-animation-output-transform-array" count="113" stride="16"><param type="float4x4"/></accessor></technique_common></source><source id="swat_Hips-Interpolations"><Name_array id="swat_Hips-Interpolations-array" count="113">
 LINEAR LINEAR LINEAR LINEAR LINEAR LINEAR LINEAR LINEAR LINEAR LINEAR LINEAR
LINEAR LINEAR LINEAR LINEAR LINEAR LINEAR LINEAR LINEAR LINEAR LINEAR LINEAR LINEAR
LINEAR LINEAR LINEAR LINEAR LINEAR LINEAR LINEAR LINEAR LINEAR LINEAR LINEAR LINEAR
LINEAR LINEAR LINEAR LINEAR LINEAR LINEAR LINEAR LINEAR LINEAR LINEAR LINEAR LINEAR
LINEAR LINEAR LINEAR LINEAR LINEAR LINEAR LINEAR LINEAR LINEAR LINEAR LINEAR LINEAR
LINEAR LINEAR LINEAR LINEAR LINEAR LINEAR LINEAR LINEAR LINEAR LINEAR LINEAR LINEAR
LINEAR LINEAR LINEAR LINEAR LINEAR LINEAR LINEAR LINEAR LINEAR LINEAR LINEAR LINEAR
LINEAR LINEAR LINEAR LINEAR LINEAR LINEAR LINEAR LINEAR LINEAR LINEAR LINEAR LINEAR
LINEAR LINEAR LINEAR LINEAR LINEAR LINEAR LINEAR LINEAR LINEAR LINEAR LINEAR LINEAR
LINEAR LINEAR LINEAR LINEAR LINEAR LINEAR</Name_array><technique_common><accessor source="#swat_Hips-Interpolations-array" count="113"><param type="name"/></accessor></technique_common></source><sampler id="swat_Hips-Matrix-animation-transform"><input semantic="INPUT" source="#swat_Hips-Matrix-animation-input"/><input semantic="OUTPUT" source="#swat_Hips-Matrix-animation-output-transform"/><input semantic="INTERPOLATION" source="#swat_Hips-Interpolations"/></sampler><channel source="#swat_Hips-Matrix-animation-transform" target="swat_Hips/matrix"/></animation>
    <animation id="swat_Spine-anim" name="swat_Spine"><source id="swat_Spine-Matrix-animation-input"><float_array id="swat_Spine-Matrix-animation-input-array" count="113">

0.000000 0.033333 0.066667 0.100000 0.133333 0.166667 0.200000 0.233333 0.266667 0.300000 0.333333 0.366667 0.400000 0.433333 0.466667 0.500000
0.533333 0.566667 0.600000 0.633333 0.666667 0.700000 0.733333 0.766667 0.800000 0.833333 0.866667 0.900000 0.933333 0.966667 1.000000 1.033333
1.066667 1.100000 1.133333 1.166667 1.200000 1.233333 1.266667 1.300000 1.333333 1.366667 1.400000 1.433333 1.466667 1.500000 1.533333 1.566667
1.600000 1.633333 1.666667 1.700000 1.733333 1.766667 1.800000 1.833333 1.866667 1.900000 1.933333 1.966667 2.000000 2.033333 2.066667 2.100000
2.133333 2.166667 2.200000 2.233333 2.266667 2.300000 2.333333 2.366667 2.400000 2.433333 2.466667 2.500000 2.533333 2.566667 2.600000 2.633333
2.666667 2.700000 2.733333 2.766667 2.800000 2.833333 2.866667 2.900000 2.933333 2.966667 3.000000 3.033333 3.066667 3.100000 3.133333 3.166667
3.200000 3.233333 3.266667 3.300000 3.333333 3.366667 3.400000 3.433333 3.466667 3.500000 3.533333 3.566667 3.600000 3.633333 3.666667 3.700000
3.733333</float_array><technique_common><accessor source="#swat_Spine-Matrix-animation-input-array" count="113"><param name="TIME" type="float"/></accessor></technique_common></source><source id="swat_Spine-Matrix-animation-output-transform"><float_array id="swat_Spine-Matrix-animation-output-transform-array" count="1808">

0.999000 0.030266 0.032896 0.000000 -0.028467 0.998144 -0.053827 9.226300 -0.034464 0.052837 0.998008 1.577100 0.000000 0.000000 0.000000 1.000000
0.998996 0.029955 0.033324 -0.000000 -0.028129 0.998145 -0.053994 9.226300 -0.034879 0.053003 0.997985 1.577100 0.000000 0.000000 0.000000 1.000000
0.998982 0.029584 0.034050 0.000000 -0.027699 0.998126 -0.054567 9.226300 -0.035600 0.053568 0.997929 1.577100 0.000000 0.000000 0.000000 1.000000
0.998967 0.029333 0.034707 0.000000 -0.027397 0.998110 -0.055010 9.226300 -0.036255 0.054003 0.997882 1.577100 0.000000 0.000000 0.000000 1.000000
0.998953 0.029323 0.035125 0.000000 -0.027369 0.998118 -0.054875 9.226300 -0.036668 0.053856 0.997875 1.577100 0.000000 0.000000 0.000000 1.000000
0.998931 0.029508 0.035581 0.000000 -0.027553 0.998147 -0.054247 9.226300 -0.037116 0.053209 0.997893 1.577100 0.000000 0.000000 0.000000 1.000000
0.998897 0.029400 0.036615 -0.000000 -0.027425 0.998201 -0.053319 9.226300 -0.038116 0.052256 0.997906 1.577100 0.000000 0.000000 0.000000 1.000000
0.998864 0.027790 0.038719 -0.000000 -0.025754 0.998308 -0.052131 9.226300 -0.040103 0.051075 0.997889 1.577100 0.000000 0.000000 0.000000 1.000000
0.998846 0.023293 0.041990 0.000000 -0.021135 0.998469 -0.051119 9.226300 -0.043116 0.050173 0.997809 1.577100 0.000000 0.000000 0.000000 1.000000
0.998817 0.015660 0.046027 0.000000 -0.013292 0.998594 -0.051326 9.226300 -0.046766 0.050653 0.997621 1.577100 0.000000 0.000000 0.000000 1.000000
0.998718 0.006146 0.050236 0.000000 -0.003470 0.998579 -0.053187 9.226300 -0.050491 0.052944 0.997320 1.577100 0.000000 0.000000 0.000000 1.000000
0.998527 -0.003479 0.054140 -0.000000 0.006486 0.998440 -0.055465 9.226300 -0.053863 0.055735 0.996992 1.577100 0.000000 0.000000 0.000000 1.000000
0.998273 -0.011694 0.057564 -0.000000 0.014954 0.998289 -0.056528 9.226300 -0.056804 0.057291 0.996740 1.577100 0.000000 0.000000 0.000000 1.000000
0.998001 -0.017327 0.060773 0.000000 0.020769 0.998188 -0.056472 9.226300 -0.059685 0.057621 0.996553 1.577100 0.000000 0.000000 0.000000 1.000000
0.997710 -0.020233 0.064538 0.000000 0.023920 0.998095 -0.056870 9.226300 -0.063265 0.058284 0.996293 1.577100 0.000000 0.000000 0.000000 1.000000
0.997347 -0.021317 0.069608 0.000000 0.025404 0.997973 -0.058355 9.226300 -0.068223 0.059968 0.995866 1.577100 0.000000 0.000000 0.000000 1.000000
0.996903 -0.021689 0.075594 0.000000 0.026239 0.997870 -0.059729 9.226300 -0.074137 0.061527 0.995348 1.577100 0.000000 0.000000 0.000000 1.000000
0.996471 -0.022148 0.080963 0.000000 0.027025 0.997853 -0.059653 9.226300 -0.079468 0.061631 0.994930 1.577100 0.000000 0.000000 0.000000 1.000000
0.996154 -0.022919 0.084574 -0.000000 0.027874 0.997935 -0.057872 9.226300 -0.083073 0.060007 0.994735 1.577100 0.000000 0.000000 0.000000 1.000000
0.995976 -0.023846 0.086387 -0.000000 0.028648 0.998087 -0.054784 9.226300 -0.084916 0.057039 0.994754 1.577100 0.000000 0.000000 0.000000 1.000000
0.995903 -0.025054 0.086886 -0.000000 0.029526 0.998284 -0.050571 9.226300 -0.085470 0.052929 0.994934 1.577100 0.000000 0.000000 0.000000 1.000000
0.995867 -0.026503 0.086874 0.000000 0.030492 0.998525 -0.044919 9.226300 -0.085556 0.047383 0.995206 1.577100 0.000000 0.000000 0.000000 1.000000
0.995789 -0.027472 0.087468 0.000000 0.030870 0.998811 -0.037741 9.226300 -0.086327 0.040283 0.995452 1.577100 0.000000 0.000000 0.000000 1.000000
0.995652 -0.027323 0.089052 0.000000 0.030099 0.999097 -0.029985 9.226300 -0.088152 0.032535 0.995576 1.577100 0.000000 0.000000 0.000000 1.000000
0.995532 -0.026595 0.090606 0.000000 0.028826 0.999310 -0.023407 9.226300 -0.089921 0.025914 0.995612 1.577100 0.000000 0.000000 0.000000 1.000000
0.995478 -0.026924 0.091093 0.000000 0.028780 0.999403 -0.019122 9.226300 -0.090523 0.021657 0.995659 1.577100 0.000000 0.000000 0.000000 1.000000
0.995416 -0.029488 0.090985 0.000000 0.031111 0.999380 -0.016467 9.226300 -0.090443 0.019222 0.995716 1.577100 0.000000 0.000000 0.000000 1.000000
0.995228 -0.033704 0.091576 -0.000000 0.035113 0.999288 -0.013814 9.226300 -0.091046 0.016964 0.995702 1.577100 0.000000 0.000000 0.000000 1.000000
0.994932 -0.037694 0.093219 -0.000000 0.038858 0.999187 -0.010703 9.226300 -0.092739 0.014271 0.995588 1.577100 0.000000 0.000000 0.000000 1.000000
0.994655 -0.040095 0.095156 0.000000 0.041053 0.999124 -0.008133 9.226300 -0.094747 0.011996 0.995429 1.577100 0.000000 0.000000 0.000000 1.000000
0.994425 -0.041378 0.096987 -0.000000 0.042230 0.999085 -0.006751 9.226300 -0.096619 0.010809 0.995263 1.577100 0.000000 0.000000 0.000000 1.000000
0.994135 -0.042894 0.099280 0.000000 0.043704 0.999026 -0.006003 9.226300 -0.098926 0.010306 0.995041 1.577100 0.000000 0.000000 0.000000 1.000000
0.993741 -0.044593 0.102426 0.000000 0.045340 0.998959 -0.004970 9.226300 -0.102097 0.009583 0.994728 1.577100 0.000000 0.000000 0.000000 1.000000
0.993399 -0.044922 0.105547 -0.000000 0.045530 0.998957 -0.003352 9.226300 -0.105287 0.008136 0.994409 1.577100 0.000000 0.000000 0.000000 1.000000
0.993328 -0.042908 0.107041 -0.000000 0.043341 0.999059 -0.001720 9.226300 -0.106866 0.006348 0.994253 1.577100 0.000000 0.000000 0.000000 1.000000
0.993576 -0.039367 0.106099 0.000000 0.039694 0.999211 -0.000976 9.226300 -0.105977 0.005182 0.994355 1.577100 0.000000 0.000000 0.000000 1.000000
0.993985 -0.035997 0.103431 0.000000 0.036361 0.999337 -0.001639 9.226300 -0.103303 0.005390 0.994635 1.577100 0.000000 0.000000 0.000000 1.000000
0.994369 -0.034055 0.100351 0.000000 0.034575 0.999396 -0.003439 9.226300 -0.100173 0.006889 0.994946 1.577100 0.000000 0.000000 0.000000 1.000000
0.994649 -0.033804 0.097626 0.000000 0.034484 0.999391 -0.005279 9.226300 -0.097388 0.008618 0.995209 1.577100 0.000000 0.000000 0.000000 1.000000
0.994807 -0.034935 0.095593 0.000000 0.035656 0.999347 -0.005842 9.226300 -0.095327 0.009220 0.995403 1.577100 0.000000 0.000000 0.000000 1.000000
0.994810 -0.037048 0.094762 -0.000000 0.037647 0.999281 -0.004542 9.226300 -0.094525 0.008086 0.995490 1.577100 0.000000 0.000000 0.000000 1.000000
0.994665 -0.039408 0.095337 -0.000000 0.039775 0.999207 -0.001949 9.226300 -0.095185 0.005730 0.995443 1.577100 0.000000 0.000000 0.000000 1.000000
0.994493 -0.041053 0.096429 0.000000 0.041172 0.999152 0.000753 9.226300 -0.096378 0.003222 0.995340 1.577100 0.000000 0.000000 0.000000 1.000000
0.994461 -0.041507 0.096564 -0.000000 0.041437 0.999137 0.002729 9.226300 -0.096594 0.001287 0.995323 1.577100 0.000000 0.000000 0.000000 1.000000
0.994619 -0.040938 0.095164 0.000000 0.040747 0.999162 0.003948 9.226300 -0.095246 -0.000049 0.995454 1.577100 0.000000 0.000000 0.000000 1.000000
0.994855 -0.039868 0.093135 0.000000 0.039598 0.999204 0.004742 9.226300 -0.093250 -0.001030 0.995642 1.577100 0.000000 0.000000 0.000000 1.000000
0.995023 -0.038938 0.091718 0.000000 0.038611 0.999240 0.005348 9.226300 -0.091856 -0.001780 0.995771 1.577100 0.000000 0.000000 0.000000 1.000000
0.995095 -0.038556 0.091096 0.000000 0.038181 0.999254 0.005855 9.226300 -0.091254 -0.002348 0.995825 1.577100 0.000000 0.000000 0.000000 1.000000
0.995119 -0.038759 0.090748 -0.000000 0.038361 0.999245 0.006127 9.226300 -0.090917 -0.002616 0.995855 1.577100 0.000000 0.000000 0.000000 1.000000
0.995094 -0.039397 0.090751 0.000000 0.039018 0.999221 0.005943 9.226300 -0.090914 -0.002373 0.995856 1.577100 0.000000 0.000000 0.000000 1.000000
0.994991 -0.040039 0.091598 -0.000000 0.039717 0.999197 0.005340 9.226300 -0.091739 -0.001676 0.995782 1.577100 0.000000 0.000000 0.000000 1.000000
0.994855 -0.040060 0.093053 -0.000000 0.039806 0.999197 0.004575 9.226300 -0.093162 -0.000848 0.995651 1.577100 0.000000 0.000000 0.000000 1.000000
0.994782 -0.039272 0.094166 0.000000 0.039088 0.999229 0.003800 9.226300 -0.094243 -0.000100 0.995549 1.577100 0.000000 0.000000 0.000000 1.000000
0.994795 -0.038342 0.094413 0.000000 0.038223 0.999265 0.003067 9.226300 -0.094461 0.000558 0.995528 1.577100 0.000000 0.000000 0.000000 1.000000
0.994801 -0.038328 0.094353 0.000000 0.038260 0.999265 0.002535 9.226300 -0.094381 0.001089 0.995536 1.577100 0.000000 0.000000 0.000000 1.000000
0.994709 -0.039705 0.094755 0.000000 0.039637 0.999211 0.002593 9.226300 -0.094783 0.001177 0.995497 1.577100 0.000000 0.000000 0.000000 1.000000
0.994552 -0.041858 0.095465 0.000000 0.041723 0.999123 0.003417 9.226300 -0.095524 0.000584 0.995427 1.577100 0.000000 0.000000 0.000000 1.000000
0.994442 -0.043800 0.095747 0.000000 0.043575 0.999040 0.004443 9.226300 -0.095850 -0.000246 0.995396 1.577100 0.000000 0.000000 0.000000 1.000000
0.994422 -0.045319 0.095245 0.000000 0.045068 0.998972 0.004784 9.226300 -0.095364 -0.000465 0.995442 1.577100 0.000000 0.000000 0.000000 1.000000
0.994452 -0.046937 0.094140 0.000000 0.046750 0.998898 0.004196 9.226300 -0.094234 0.000228 0.995550 1.577100 0.000000 0.000000 0.000000 1.000000
0.994484 -0.048996 0.092747 0.000000 0.048916 0.998798 0.003133 9.226300 -0.092789 0.001422 0.995685 1.577100 0.000000 0.000000 0.000000 1.000000
0.994496 -0.051579 0.091202 0.000000 0.051616 0.998665 0.001957 9.226300 -0.091181 0.002761 0.995830 1.577100 0.000000 0.000000 0.000000 1.000000
0.994453 -0.055300 0.089474 -0.000000 0.055482 0.998460 0.000457 9.226300 -0.089361 0.004510 0.995989 1.577100 0.000000 0.000000 0.000000 1.000000
0.994312 -0.060988 0.087319 0.000000 0.061400 0.998111 -0.002036 9.226300 -0.087030 0.007386 0.996178 1.577100 0.000000 0.000000 0.000000 1.000000
0.994142 -0.068178 0.083861 0.000000 0.068903 0.997607 -0.005778 9.226300 -0.083266 0.011522 0.996461 1.577100 0.000000 0.000000 0.000000 1.000000
0.994210 -0.074228 0.077697 -0.000000 0.075228 0.997116 -0.010011 9.226300 -0.076729 0.015798 0.996927 1.577100 0.000000 0.000000 0.000000 1.000000
0.994831 -0.075135 0.068302 0.000000 0.076261 0.996989 -0.014020 9.226300 -0.067043 0.019156 0.997566 1.577100 0.000000 0.000000 0.000000 1.000000
0.996052 -0.068000 0.057056 0.000000 0.069133 0.997443 -0.018116 9.226300 -0.055678 0.021989 0.998207 1.577100 0.000000 0.000000 0.000000 1.000000
0.997511 -0.053588 0.045833 0.000000 0.054673 0.998245 -0.022756 9.226300 -0.044533 0.025205 0.998690 1.577100 0.000000 0.000000 0.000000 1.000000
0.998752 -0.035685 0.034943 0.000000 0.036656 0.998948 -0.027538 9.226300 -0.033924 0.028784 0.999010 1.577100 0.000000 0.000000 0.000000 1.000000
0.999569 -0.017454 0.023623 0.000000 0.018200 0.999330 -0.031744 9.226300 -0.023053 0.032161 0.999217 1.577100 0.000000 0.000000 0.000000 1.000000
0.999925 0.000499 0.012202 0.000000 -0.000070 0.999382 -0.035154 9.226300 -0.012212 0.035151 0.999307 1.577100 0.000000 0.000000 0.000000 1.000000
0.999833 0.018134 0.002326 -0.000000 -0.018032 0.999108 -0.038178 9.226300 -0.003016 0.038130 0.999268 1.577100 0.000000 0.000000 0.000000 1.000000
0.999414 0.033832 -0.005205 0.000000 -0.034020 0.998550 -0.041720 9.226300 0.003786 0.041873 0.999116 1.577100 0.000000 0.000000 0.000000 1.000000
0.998905 0.045347 -0.011512 0.000000 -0.045833 0.997876 -0.046297 9.226300 0.009388 0.046774 0.998861 1.577100 0.000000 0.000000 0.000000 1.000000
0.998492 0.051907 -0.017858 0.000000 -0.052758 0.997302 -0.051043 9.226300 0.015161 0.051908 0.998537 1.577100 0.000000 0.000000 0.000000 1.000000
0.998197 0.055109 -0.023785 0.000000 -0.056332 0.996939 -0.054225 9.226300 0.020724 0.055467 0.998245 1.577100 0.000000 0.000000 0.000000 1.000000
0.997953 0.057638 -0.027695 0.000000 -0.059099 0.996724 -0.055216 9.226300 0.024422 0.056740 0.998090 1.577100 0.000000 0.000000 0.000000 1.000000
0.997755 0.060606 -0.028499 -0.000000 -0.062116 0.996526 -0.055473 9.226300 0.025038 0.057118 0.998053 1.577100 0.000000 0.000000 0.000000 1.000000
0.997650 0.063236 -0.026377 0.000000 -0.064648 0.996300 -0.056622 9.226300 0.022699 0.058194 0.998047 1.577100 0.000000 0.000000 0.000000 1.000000
0.997647 0.064856 -0.022221 0.000000 -0.066055 0.996111 -0.058307 9.226300 0.018353 0.059638 0.998051 1.577100 0.000000 0.000000 0.000000 1.000000
0.997723 0.065416 -0.016432 0.000000 -0.066283 0.996033 -0.059363 9.226300 0.012483 0.060317 0.998101 1.577100 0.000000 0.000000 0.000000 1.000000
0.997885 0.064445 -0.008489 0.000000 -0.064838 0.996104 -0.059780 9.226300 0.004603 0.060204 0.998175 1.577100 0.000000 0.000000 0.000000 1.000000
0.998145 0.060839 0.002224 0.000000 -0.060596 0.996361 -0.059938 9.226300 -0.005863 0.059692 0.998200 1.577100 0.000000 0.000000 0.000000 1.000000
0.998441 0.053570 0.015673 -0.000000 -0.052547 0.996834 -0.059667 9.226300 -0.018820 0.058750 0.998095 1.577100 0.000000 0.000000 0.000000 1.000000
0.998600 0.042852 0.031018 0.000000 -0.040967 0.997414 -0.059050 9.226300 -0.033468 0.057697 0.997773 1.577100 0.000000 0.000000 0.000000 1.000000
0.998449 0.030578 0.046521 0.000000 -0.027819 0.997879 -0.058852 9.226300 -0.048222 0.057467 0.997182 1.577100 0.000000 0.000000 0.000000 1.000000
0.998034 0.018938 0.059750 0.000000 -0.015384 0.998116 -0.059395 9.226300 -0.060763 0.058359 0.996445 1.577100 0.000000 0.000000 0.000000 1.000000
0.997595 0.009195 0.068701 0.000000 -0.005094 0.998207 -0.059633 9.226300 -0.069126 0.059140 0.995853 1.577100 0.000000 0.000000 0.000000 1.000000
0.997340 0.002036 0.072868 0.000000 0.002230 0.998290 -0.058414 9.226300 -0.072862 0.058421 0.995629 1.577100 0.000000 0.000000 0.000000 1.000000
0.997328 -0.001876 0.073032 -0.000000 0.005981 0.998412 -0.056022 9.226300 -0.072810 0.056309 0.995755 1.577100 0.000000 0.000000 0.000000 1.000000
0.997501 -0.002354 0.070608 0.000000 0.006147 0.998546 -0.053546 9.226300 -0.070379 0.053847 0.996066 1.577100 0.000000 0.000000 0.000000 1.000000
0.997741 -0.000143 0.067183 0.000000 0.003607 0.998669 -0.051453 9.226300 -0.067086 0.051579 0.996413 1.577100 0.000000 0.000000 0.000000 1.000000
0.997968 0.003915 0.063601 0.000000 -0.000759 0.998770 -0.049569 9.226300 -0.063717 0.049420 0.996744 1.577100 0.000000 0.000000 0.000000 1.000000
0.998174 0.009585 0.059644 0.000000 -0.006725 0.998826 -0.047965 9.226300 -0.060033 0.047477 0.997067 1.577100 0.000000 0.000000 0.000000 1.000000
0.998342 0.016488 0.055148 0.000000 -0.013897 0.998796 -0.047040 9.226300 -0.055858 0.046195 0.997369 1.577100 0.000000 0.000000 0.000000 1.000000
0.998430 0.023493 0.050843 0.000000 -0.021108 0.998675 -0.046939 9.226300 -0.051878 0.045792 0.997603 1.577100 0.000000 0.000000 0.000000 1.000000
0.998437 0.029217 0.047644 -0.000000 -0.026959 0.998514 -0.047358 9.226300 -0.048957 0.046000 0.997741 1.577100 0.000000 0.000000 0.000000 1.000000
0.998405 0.032971 0.045833 0.000000 -0.030765 0.998372 -0.048026 9.226300 -0.047342 0.046539 0.997794 1.577100 0.000000 0.000000 0.000000 1.000000
0.998364 0.035041 0.045188 0.000000 -0.032819 0.998258 -0.049019 9.226300 -0.046827 0.047456 0.997775 1.577100 0.000000 0.000000 0.000000 1.000000
0.998315 0.036106 0.045429 0.000000 -0.033810 0.998160 -0.050328 9.226300 -0.047162 0.048707 0.997699 1.577100 0.000000 0.000000 0.000000 1.000000
0.998263 0.036503 0.046246 0.000000 -0.034115 0.998094 -0.051417 9.226300 -0.048035 0.049750 0.997606 1.577100 0.000000 0.000000 0.000000 1.000000
0.998235 0.036189 0.047089 0.000000 -0.033743 0.998090 -0.051743 9.226300 -0.048872 0.050063 0.997550 1.577100 0.000000 0.000000 0.000000 1.000000
0.998249 0.035369 0.047413 0.000000 -0.032924 0.998136 -0.051388 9.226300 -0.049143 0.049737 0.997553 1.577100 0.000000 0.000000 0.000000 1.000000
0.998299 0.034480 0.047006 0.000000 -0.032088 0.998197 -0.050719 9.226300 -0.048670 0.049124 0.997606 1.577100 0.000000 0.000000 0.000000 1.000000
0.998377 0.033809 0.045829 0.000000 -0.031510 0.998253 -0.049980 9.226300 -0.047439 0.048455 0.997698 1.577100 0.000000 0.000000 0.000000 1.000000
0.998487 0.033165 0.043858 0.000000 -0.030983 0.998292 -0.049534 9.226300 -0.045426 0.048100 0.997809 1.577100 0.000000 0.000000 0.000000 1.000000
0.998625 0.032342 0.041249 0.000000 -0.030275 0.998301 -0.049788 9.226300 -0.042789 0.048471 0.997908 1.577100 0.000000 0.000000 0.000000 1.000000
0.998763 0.031571 0.038425 0.000000 -0.029605 0.998275 -0.050706 9.226300 -0.039960 0.049505 0.997974 1.577100 0.000000 0.000000 0.000000 1.000000
0.998864 0.031311 0.035912 -0.000000 -0.029426 0.998220 -0.051875 9.226300 -0.037473 0.050760 0.998008 1.577100 0.000000 0.000000 0.000000 1.000000
0.998923 0.031501 0.034061 0.000000 -0.029671 0.998157 -0.052938 9.226300 -0.035666 0.051871 0.998017 1.577100 0.000000 0.000000 0.000000 1.000000
0.998959 0.031486 0.033006 -0.000000 -0.029685 0.998116 -0.053696 9.226300 -0.034634 0.052660 0.998012 1.577100 0.000000 0.000000 0.000000 1.000000
0.998989 0.030798 0.032756 0.000000 -0.029002 0.998121 -0.053968 9.226300 -0.034357 0.052964 0.998005 1.577100 0.000000 0.000000 0.000000 1.000000</float_array><technique_common><accessor source="#swat_Spine-Matrix-animation-output-transform-array" count="113" stride="16"><param type="float4x4"/></accessor></technique_common></source><source id="swat_Spine-Interpolations"><Name_array id="swat_Spine-Interpolations-array" count="113">
 LINEAR LINEAR LINEAR LINEAR LINEAR LINEAR LINEAR LINEAR LINEAR LINEAR LINEAR
LINEAR LINEAR LINEAR LINEAR LINEAR LINEAR LINEAR LINEAR LINEAR LINEAR LINEAR LINEAR
LINEAR LINEAR LINEAR LINEAR LINEAR LINEAR LINEAR LINEAR LINEAR LINEAR LINEAR LINEAR
LINEAR LINEAR LINEAR LINEAR LINEAR LINEAR LINEAR LINEAR LINEAR LINEAR LINEAR LINEAR
LINEAR LINEAR LINEAR LINEAR LINEAR LINEAR LINEAR LINEAR LINEAR LINEAR LINEAR LINEAR
LINEAR LINEAR LINEAR LINEAR LINEAR LINEAR LINEAR LINEAR LINEAR LINEAR LINEAR LINEAR
LINEAR LINEAR LINEAR LINEAR LINEAR LINEAR LINEAR LINEAR LINEAR LINEAR LINEAR LINEAR
LINEAR LINEAR LINEAR LINEAR LINEAR LINEAR LINEAR LINEAR LINEAR LINEAR LINEAR LINEAR
LINEAR LINEAR LINEAR LINEAR LINEAR LINEAR LINEAR LINEAR LINEAR LINEAR LINEAR LINEAR
