<?xml version="1.0" encoding="utf-8"?>
<COLLADA xmlns="http://www.collada.org/2005/11/COLLADASchema" version="1.4.1">
  <asset><contributor><author>Mixamo</author><authoring_tool>COLLADA Mixamo exporter</authoring_tool><comments></comments></contributor><created>2018-12-20T20:10:59Z</created><modified>2018-12-20T20:10:59Z</modified><revision></revision><title></title><unit meter="0.010000"/><up_axis>Y_UP</up_axis></asset>
  <library_animations>
    <animation id="swat_Hips-anim" name="swat_Hips"><source id="swat_Hips-Matrix-animation-input"><float_array id="swat_Hips-Matrix-animation-input-array" count="119">

0.000000 0.033333 0.066667 0.100000 0.133333 0.166667 0.200000 0.233333 0.266667 0.300000 0.333333 0.366667 0.400000 0.433333 0.466667 0.500000
0.533333 0.566667 0.600000 0.633333 0.666667 0.700000 0.733333 0.766667 0.800000 0.833333 0.866667 0.900000 0.933333 0.966667 1.000000 1.033333
1.066667 1.100000 1.133333 1.166667 1.200000 1.233333 1.266667 1.300000 1.333333 1.366667 1.400000 1.433333 1.466667 1.500000 1.533333 1.566667
1.600000 1.633333 1.666667 1.700000 1.733333 1.766667 1.800000 1.833333 1.866667 1.900000 1.933333 1.966667 2.000000 2.033333 2.066667 2.100000
2.133333 2.166667 2.200000 2.233333 2.266667 2.300000 2.333333 2.366667 2.400000 2.433333 2.466667 2.500000 2.533333 2.566667 2.600000 2.633333
2.666667 2.700000 2.733333 2.766667 2.800000 2.833333 2.866667 2.900000 2.933333 2.966667 3.000000 3.033333 3.066667 3.100000 3.133333 3.166667
3.200000 3.233333 3.266667 3.300000 3.333333 3.366667 3.400000 3.433333 3.466667 3.500000 3.533333 3.566667 3.600000 3.633333 3.666667 3.700000
3.733333 3.766667 3.800000 3.833333 3.866667 3.900000 3.933333</float_array><technique_common><accessor source="#swat_Hips-Matrix-animation-input-array" count="119"><param name="TIME" type="float"/></accessor></technique_common></source><source id="swat_Hips-Matrix-animation-output-transform"><float_array id="swat_Hips-Matrix-animation-output-transform-array" count="1904">

0.997784 0.054913 -0.037560 -0.364995 -0.053475 0.997836 0.038255 93.673027 0.039579 -0.036162 0.998562 0.279430 0.000000 0.000000 0.000000 1.000000
0.997786 0.055108 -0.037224 -0.369556 -0.053677 0.997820 0.038405 93.677002 0.039259 -0.036322 0.998569 0.272006 0.000000 0.000000 0.000000 1.000000
0.997788 0.055381 -0.036761 -0.373316 -0.053957 0.997795 0.038657 93.680450 0.038820 -0.036588 0.998576 0.261637 0.000000 0.000000 0.000000 1.000000
0.997800 0.055696 -0.035950 -0.374446 -0.054288 0.997763 0.039015 93.683113 0.038042 -0.036978 0.998592 0.248401 0.000000 0.000000 0.000000 1.000000
0.997843 0.055730 -0.034693 -0.366506 -0.054359 0.997749 0.039274 93.684189 0.036804 -0.037303 0.998626 0.230975 0.000000 0.000000 0.000000 1.000000
0.997938 0.054947 -0.033173 -0.339794 -0.053636 0.997791 0.039184 93.680824 0.035253 -0.037324 0.998681 0.206609 0.000000 0.000000 0.000000 1.000000
0.998098 0.052938 -0.031588 -0.284230 -0.051703 0.997911 0.038727 93.671852 0.033572 -0.037020 0.998750 0.178233 0.000000 0.000000 0.000000 1.000000
0.998302 0.049930 -0.030009 -0.193246 -0.048778 0.998087 0.037992 93.662659 0.031848 -0.036464 0.998827 0.160026 0.000000 0.000000 0.000000 1.000000
0.998481 0.046902 -0.028909 -0.067806 -0.045820 0.998264 0.037020 93.661736 0.030595 -0.035639 0.998896 0.172592 0.000000 0.000000 0.000000 1.000000
0.998561 0.044832 -0.029444 0.087442 -0.043753 0.998383 0.036295 93.669441 0.031024 -0.034954 0.998907 0.232344 0.000000 0.000000 0.000000 1.000000
0.998517 0.043716 -0.032441 0.270593 -0.042510 0.998412 0.036974 93.677071 0.034005 -0.035540 0.998790 0.343521 0.000000 0.000000 0.000000 1.000000
0.998383 0.042763 -0.037443 0.479300 -0.041263 0.998349 0.039946 93.680054 0.039090 -0.038337 0.998500 0.499756 0.000000 0.000000 0.000000 1.000000
0.998199 0.041435 -0.043387 0.702679 -0.039469 0.998196 0.045235 93.684479 0.045183 -0.043442 0.998034 0.695704 0.000000 0.000000 0.000000 1.000000
0.997980 0.039700 -0.049588 0.924452 -0.037086 0.997928 0.052571 93.693970 0.051572 -0.050626 0.997385 0.922808 0.000000 0.000000 0.000000 1.000000
0.997731 0.037708 -0.055768 1.129779 -0.034257 0.997513 0.061593 93.702812 0.057952 -0.059542 0.996542 1.152181 0.000000 0.000000 0.000000 1.000000
0.997463 0.035734 -0.061562 1.309189 -0.031335 0.996985 0.070992 93.708237 0.063913 -0.068883 0.995575 1.344104 0.000000 0.000000 0.000000 1.000000
0.997234 0.034160 -0.066011 1.465506 -0.028948 0.996505 0.078353 93.720253 0.068456 -0.076226 0.994738 1.477468 0.000000 0.000000 0.000000 1.000000
0.997161 0.033366 -0.067501 1.612401 -0.027798 0.996261 0.081805 93.742020 0.069978 -0.079696 0.994360 1.556890 0.000000 0.000000 0.000000 1.000000
0.997320 0.033638 -0.064974 1.762387 -0.028284 0.996261 0.081631 93.770248 0.067477 -0.079574 0.994543 1.597140 0.000000 0.000000 0.000000 1.000000
0.997632 0.034890 -0.059274 1.923715 -0.030091 0.996340 0.080001 93.811707 0.061848 -0.078028 0.995031 1.615426 0.000000 0.000000 0.000000 1.000000
0.997947 0.036793 -0.052414 2.105884 -0.032593 0.996355 0.078833 93.849129 0.055123 -0.076963 0.995509 1.615590 0.000000 0.000000 0.000000 1.000000
0.998192 0.039166 -0.045598 2.310978 -0.035522 0.996309 0.078149 93.869209 0.048490 -0.076387 0.995898 1.587650 0.000000 0.000000 0.000000 1.000000
0.998371 0.041911 -0.038726 2.533193 -0.038845 0.996291 0.076787 93.874146 0.041800 -0.075157 0.996295 1.517953 0.000000 0.000000 0.000000 1.000000
0.998484 0.044870 -0.031889 2.765085 -0.042408 0.996350 0.074082 93.870468 0.035096 -0.072618 0.996742 1.400861 0.000000 0.000000 0.000000 1.000000
0.998502 0.047971 -0.026300 3.001453 -0.046028 0.996479 0.070079 93.855499 0.029569 -0.068764 0.997195 1.250468 0.000000 0.000000 0.000000 1.000000
0.998433 0.050945 -0.023148 3.239058 -0.049343 0.996654 0.065167 93.814201 0.026391 -0.063923 0.997606 1.104328 0.000000 0.000000 0.000000 1.000000
0.998335 0.053191 -0.022301 3.474167 -0.051761 0.996829 0.060434 93.739571 0.025445 -0.059179 0.997923 1.003570 0.000000 0.000000 0.000000 1.000000
0.998256 0.054443 -0.022805 3.697425 -0.053057 0.996934 0.057517 93.660034 0.025866 -0.056207 0.998084 0.965446 0.000000 0.000000 0.000000 1.000000
0.998194 0.055080 -0.023966 3.894300 -0.053630 0.996907 0.057443 93.601952 0.027056 -0.056054 0.998061 0.980537 0.000000 0.000000 0.000000 1.000000
0.998128 0.055689 -0.025267 4.049293 -0.054097 0.996742 0.059825 93.577637 0.028516 -0.058346 0.997889 1.029052 0.000000 0.000000 0.000000 1.000000
0.998052 0.056595 -0.026271 4.152372 -0.054844 0.996495 0.063170 93.572906 0.029754 -0.061607 0.997657 1.095695 0.000000 0.000000 0.000000 1.000000
0.997950 0.057916 -0.027238 4.206113 -0.056017 0.996248 0.065963 93.562431 0.030956 -0.064302 0.997450 1.173391 0.000000 0.000000 0.000000 1.000000
0.997798 0.059543 -0.029235 4.226605 -0.057454 0.996047 0.067747 93.535049 0.033153 -0.065919 0.997274 1.257274 0.000000 0.000000 0.000000 1.000000
0.997589 0.060985 -0.033121 4.233753 -0.058584 0.995883 0.069176 93.502106 0.037204 -0.067069 0.997054 1.339267 0.000000 0.000000 0.000000 1.000000
0.997343 0.061696 -0.038744 4.238033 -0.058837 0.995738 0.071021 93.482086 0.042960 -0.068552 0.996722 1.409188 0.000000 0.000000 0.000000 1.000000
0.997079 0.061637 -0.045101 4.235724 -0.058230 0.995608 0.073305 93.481705 0.049422 -0.070465 0.996289 1.457360 0.000000 0.000000 0.000000 1.000000
0.996824 0.061258 -0.050893 4.214563 -0.057343 0.995525 0.075116 93.491798 0.055267 -0.071959 0.995875 1.474406 0.000000 0.000000 0.000000 1.000000
0.996627 0.060915 -0.054984 4.163467 -0.056693 0.995546 0.075330 93.501244 0.059328 -0.071959 0.995642 1.454447 0.000000 0.000000 0.000000 1.000000
0.996541 0.060588 -0.056875 4.080206 -0.056325 0.995682 0.073783 93.508865 0.061099 -0.070324 0.995651 1.403996 0.000000 0.000000 0.000000 1.000000
0.996548 0.060207 -0.057163 3.974715 -0.056065 0.995864 0.071493 93.521339 0.061231 -0.068042 0.995802 1.342799 0.000000 0.000000 0.000000 1.000000
0.996568 0.059813 -0.057219 3.864279 -0.055778 0.996008 0.069691 93.539253 0.061159 -0.066260 0.995926 1.288735 0.000000 0.000000 0.000000 1.000000
0.996542 0.059323 -0.058172 3.762652 -0.055279 0.996097 0.068818 93.561142 0.062028 -0.065364 0.995932 1.244494 0.000000 0.000000 0.000000 1.000000
0.996460 0.058605 -0.060266 3.670371 -0.054444 0.996164 0.068511 93.575310 0.064049 -0.064987 0.995828 1.201621 0.000000 0.000000 0.000000 1.000000
0.996342 0.057787 -0.062959 3.580006 -0.053456 0.996222 0.068434 93.577675 0.066676 -0.064818 0.995667 1.153739 0.000000 0.000000 0.000000 1.000000
0.996214 0.057145 -0.065517 3.486432 -0.052632 0.996251 0.068656 93.574425 0.069194 -0.064947 0.995487 1.099476 0.000000 0.000000 0.000000 1.000000
0.996099 0.056819 -0.067517 3.388276 -0.052138 0.996240 0.069185 93.570747 0.071194 -0.065395 0.995317 1.035749 0.000000 0.000000 0.000000 1.000000
0.996013 0.056754 -0.068829 3.284403 -0.051937 0.996204 0.069854 93.566010 0.072532 -0.066000 0.995180 0.958822 0.000000 0.000000 0.000000 1.000000
0.995959 0.056820 -0.069543 3.173914 -0.051899 0.996151 0.070640 93.559685 0.073289 -0.066745 0.995075 0.872919 0.000000 0.000000 0.000000 1.000000
0.995904 0.057053 -0.070149 3.056835 -0.052016 0.996073 0.071651 93.555496 0.073961 -0.067709 0.994960 0.786733 0.000000 0.000000 0.000000 1.000000
0.995797 0.057603 -0.071203 2.934268 -0.052403 0.995965 0.072857 93.556236 0.075112 -0.068820 0.994797 0.700514 0.000000 0.000000 0.000000 1.000000
0.995641 0.058226 -0.072867 2.806967 -0.052823 0.995859 0.073989 93.559265 0.076873 -0.069817 0.994593 0.606168 0.000000 0.000000 0.000000 1.000000
0.995475 0.058416 -0.074953 2.670985 -0.052796 0.995794 0.074884 93.562599 0.079013 -0.070588 0.994371 0.499267 0.000000 0.000000 0.000000 1.000000
0.995348 0.058117 -0.076847 2.516033 -0.052280 0.995744 0.075901 93.570633 0.080931 -0.071530 0.994150 0.383145 0.000000 0.000000 0.000000 1.000000
0.995337 0.057461 -0.077472 2.331339 -0.051441 0.995659 0.077574 93.587799 0.081593 -0.073227 0.993972 0.262572 0.000000 0.000000 0.000000 1.000000
0.995517 0.056444 -0.075894 2.109079 -0.050345 0.995522 0.080010 93.613197 0.080070 -0.075830 0.993901 0.141825 0.000000 0.000000 0.000000 1.000000
0.995875 0.055460 -0.071815 1.840500 -0.049441 0.995319 0.083045 93.642586 0.076084 -0.079152 0.993955 0.028493 0.000000 0.000000 0.000000 1.000000
0.996326 0.055180 -0.065493 1.513118 -0.049423 0.995027 0.086484 93.675598 0.069939 -0.082929 0.994098 -0.072493 0.000000 0.000000 0.000000 1.000000
0.996785 0.055694 -0.057600 1.117504 -0.050376 0.994669 0.089978 93.709328 0.062304 -0.086787 0.994277 -0.165620 0.000000 0.000000 0.000000 1.000000
0.997205 0.056263 -0.049156 0.659805 -0.051492 0.994291 0.093461 93.741188 0.054133 -0.090668 0.994409 -0.253624 0.000000 0.000000 0.000000 1.000000
0.997576 0.056164 -0.041080 0.155096 -0.051949 0.993895 0.097335 93.772865 0.046296 -0.094965 0.994403 -0.327685 0.000000 0.000000 0.000000 1.000000
0.997885 0.055782 -0.033370 -0.396146 -0.052131 0.993445 0.101732 93.810524 0.038826 -0.099778 0.994252 -0.377413 0.000000 0.000000 0.000000 1.000000
0.998121 0.055960 -0.024948 -1.006026 -0.053021 0.992951 0.106001 93.856285 0.030704 -0.104479 0.994053 -0.405683 0.000000 0.000000 0.000000 1.000000
0.998295 0.056515 -0.014586 -1.672936 -0.054595 0.992534 0.109067 93.908081 0.020641 -0.108085 0.993927 -0.424841 0.000000 0.000000 0.000000 1.000000
0.998398 0.056555 -0.001570 -2.375785 -0.056038 0.992331 0.110177 93.961182 0.007789 -0.109912 0.993911 -0.440140 0.000000 0.000000 0.000000 1.000000
0.998340 0.055823 0.014159 -3.093045 -0.057040 0.992364 0.109363 94.013153 -0.007946 -0.109989 0.993901 -0.446568 0.000000 0.000000 0.000000 1.000000
0.998001 0.054782 0.031518 -3.810934 -0.057870 0.992543 0.107284 94.065811 -0.025406 -0.108893 0.993729 -0.436238 0.000000 0.000000 0.000000 1.000000
0.997381 0.053560 0.048604 -4.511898 -0.058403 0.992819 0.104401 94.117218 -0.042663 -0.106966 0.993347 -0.406101 0.000000 0.000000 0.000000 1.000000
0.996629 0.051546 0.063821 -5.167774 -0.057797 0.993274 0.100332 94.156479 -0.058220 -0.103682 0.992905 -0.364434 0.000000 0.000000 0.000000 1.000000
0.995935 0.048700 0.075768 -5.758543 -0.055806 0.993943 0.094677 94.173820 -0.070698 -0.098521 0.992621 -0.319085 0.000000 0.000000 0.000000 1.000000
0.995493 0.046574 0.082613 -6.287022 -0.053861 0.994637 0.088292 94.173340 -0.078058 -0.092344 0.992663 -0.258880 0.000000 0.000000 0.000000 1.000000
0.995466 0.046366 0.083056 -6.754928 -0.053265 0.995135 0.082875 94.171112 -0.078809 -0.086924 0.993093 -0.160443 0.000000 0.000000 0.000000 1.000000
0.995869 0.046838 0.077783 -7.143494 -0.053050 0.995397 0.079812 94.177437 -0.073687 -0.083608 0.993771 -0.012476 0.000000 0.000000 0.000000 1.000000
0.996549 0.045998 0.069092 -7.442049 -0.051470 0.995495 0.079630 94.190750 -0.065118 -0.082911 0.994427 0.179035 0.000000 0.000000 0.000000 1.000000
0.997281 0.043746 0.059303 -7.671251 -0.048513 0.995492 0.081497 94.207741 -0.055470 -0.084153 0.994908 0.398346 0.000000 0.000000 0.000000 1.000000
0.997890 0.041786 0.049692 -7.854947 -0.045835 0.995465 0.083360 94.229393 -0.045983 -0.085461 0.995280 0.624786 0.000000 0.000000 0.000000 1.000000
0.998292 0.042109 0.040485 -7.991615 -0.045380 0.995468 0.083576 94.255188 -0.036782 -0.085271 0.995679 0.836472 0.000000 0.000000 0.000000 1.000000
0.998463 0.045624 0.031478 -8.062105 -0.048084 0.995437 0.082425 94.280441 -0.027574 -0.083812 0.996100 1.016090 0.000000 0.000000 0.000000 1.000000
0.998420 0.051431 0.022657 -8.050146 -0.053119 0.995247 0.081620 94.300270 -0.018351 -0.082695 0.996406 1.157682 0.000000 0.000000 0.000000 1.000000
0.998221 0.057802 0.014612 -7.957626 -0.058812 0.994874 0.082259 94.314095 -0.009783 -0.082972 0.996504 1.266504 0.000000 0.000000 0.000000 1.000000
0.997920 0.063920 0.008338 -7.804812 -0.064394 0.994414 0.083635 94.327057 -0.002946 -0.083998 0.996462 1.348144 0.000000 0.000000 0.000000 1.000000
0.997548 0.069838 0.004491 -7.615310 -0.069968 0.993974 0.084376 94.345322 0.001428 -0.084483 0.996424 1.403839 0.000000 0.000000 0.000000 1.000000
0.997165 0.075186 0.003040 -7.401049 -0.075175 0.993614 0.084140 94.368217 0.003305 -0.084130 0.996449 1.436996 0.000000 0.000000 0.000000 1.000000
0.996859 0.079115 0.003623 -7.168136 -0.079141 0.993360 0.083507 94.390709 0.003007 -0.083532 0.996501 1.453922 0.000000 0.000000 0.000000 1.000000
0.996678 0.081221 0.006081 -6.928137 -0.081445 0.993234 0.082783 94.408730 0.000684 -0.083004 0.996549 1.458841 0.000000 0.000000 0.000000 1.000000
0.996597 0.081753 0.010518 -6.694319 -0.082342 0.993235 0.081875 94.422195 -0.003753 -0.082462 0.996587 1.451459 0.000000 0.000000 0.000000 1.000000
0.996539 0.081385 0.016923 -6.474312 -0.082496 0.993288 0.081080 94.431946 -0.010211 -0.082196 0.996564 1.432982 0.000000 0.000000 0.000000 1.000000
0.996426 0.080749 0.024780 -6.268587 -0.082512 0.993281 0.081151 94.435738 -0.018061 -0.082906 0.996394 1.408095 0.000000 0.000000 0.000000 1.000000
0.996257 0.079894 0.032990 -6.067742 -0.082378 0.993185 0.082445 94.425743 -0.026178 -0.084854 0.996049 1.375546 0.000000 0.000000 0.000000 1.000000
0.996111 0.078232 0.040529 -5.852299 -0.081437 0.993081 0.084610 94.395515 -0.033630 -0.087582 0.995590 1.329913 0.000000 0.000000 0.000000 1.000000
0.996042 0.075460 0.046974 -5.606452 -0.079336 0.993043 0.087013 94.349075 -0.040082 -0.090395 0.995099 1.273488 0.000000 0.000000 0.000000 1.000000
0.996013 0.072551 0.051907 -5.335921 -0.076971 0.993058 0.088946 94.297112 -0.045093 -0.092587 0.994683 1.211917 0.000000 0.000000 0.000000 1.000000
0.995986 0.070868 0.054672 -5.062265 -0.075588 0.993092 0.089746 94.244209 -0.047934 -0.093518 0.994463 1.146025 0.000000 0.000000 0.000000 1.000000
0.995994 0.070457 0.055067 -4.797473 -0.075187 0.993175 0.089168 94.189758 -0.048409 -0.092951 0.994493 1.078455 0.000000 0.000000 0.000000 1.000000
0.996091 0.070318 0.053453 -4.535674 -0.074819 0.993354 0.087467 94.135727 -0.046947 -0.091125 0.994732 1.019646 0.000000 0.000000 0.000000 1.000000
0.996272 0.070081 0.050315 -4.271649 -0.074187 0.993614 0.085020 94.092545 -0.044036 -0.088435 0.995108 0.976115 0.000000 0.000000 0.000000 1.000000
0.996459 0.070249 0.046209 -4.013626 -0.073872 0.993886 0.082052 94.064293 -0.040162 -0.085175 0.995556 0.940407 0.000000 0.000000 0.000000 1.000000
0.996606 0.070984 0.041682 -3.771914 -0.074103 0.994135 0.078770 94.051117 -0.035846 -0.081591 0.996021 0.901956 0.000000 0.000000 0.000000 1.000000
0.996745 0.071644 0.036962 -3.544187 -0.074276 0.994370 0.075570 94.046227 -0.031340 -0.078069 0.996455 0.862498 0.000000 0.000000 0.000000 1.000000
0.996923 0.071579 0.031953 -3.320643 -0.073746 0.994619 0.072766 94.040359 -0.026572 -0.074899 0.996837 0.829924 0.000000 0.000000 0.000000 1.000000
0.997137 0.070805 0.026547 -3.097412 -0.072515 0.994892 0.070222 94.028748 -0.021439 -0.071946 0.997178 0.803253 0.000000 0.000000 0.000000 1.000000
0.997350 0.069790 0.020552 -2.877025 -0.071032 0.995178 0.067642 94.008659 -0.015733 -0.068922 0.997498 0.776406 0.000000 0.000000 0.000000 1.000000
0.997529 0.068931 0.013563 -2.661350 -0.069670 0.995460 0.064854 93.978882 -0.009031 -0.065638 0.997803 0.748558 0.000000 0.000000 0.000000 1.000000
0.997662 0.068116 0.005519 -2.447218 -0.068327 0.995748 0.061779 93.940376 -0.001287 -0.062011 0.998075 0.723162 0.000000 0.000000 0.000000 1.000000
0.997781 0.066522 -0.002965 -2.225955 -0.066234 0.996078 0.058665 93.895622 0.006855 -0.058339 0.998273 0.704022 0.000000 0.000000 0.000000 1.000000
0.997906 0.063696 -0.011284 -1.995296 -0.062970 0.996447 0.055932 93.848763 0.014807 -0.055105 0.998371 0.689726 0.000000 0.000000 0.000000 1.000000
0.997977 0.060588 -0.019286 -1.768635 -0.059483 0.996795 0.053500 93.804977 0.022465 -0.052244 0.998382 0.670377 0.000000 0.000000 0.000000 1.000000
0.997927 0.058543 -0.026742 -1.562560 -0.057129 0.997069 0.050895 93.768707 0.029643 -0.049261 0.998346 0.636457 0.000000 0.000000 0.000000 1.000000
0.997774 0.057787 -0.033274 -1.381971 -0.056154 0.997263 0.048096 93.741241 0.035962 -0.046120 0.998288 0.589318 0.000000 0.000000 0.000000 1.000000
0.997590 0.057541 -0.038762 -1.220914 -0.055760 0.997404 0.045561 93.721634 0.041283 -0.043290 0.998209 0.539809 0.000000 0.000000 0.000000 1.000000
0.997430 0.057183 -0.043169 -1.073198 -0.055302 0.997518 0.043580 93.708809 0.045554 -0.041080 0.998117 0.496369 0.000000 0.000000 0.000000 1.000000
0.997312 0.056764 -0.046323 -0.938649 -0.054828 0.997610 0.042060 93.701851 0.048600 -0.039407 0.998041 0.459764 0.000000 0.000000 0.000000 1.000000
0.997235 0.056590 -0.048167 -0.821571 -0.054640 0.997668 0.040893 93.698700 0.050368 -0.038148 0.998002 0.429308 0.000000 0.000000 0.000000 1.000000
0.997199 0.056671 -0.048814 -0.722925 -0.054735 0.997695 0.040115 93.696144 0.050975 -0.037330 0.998002 0.401951 0.000000 0.000000 0.000000 1.000000
0.997215 0.056731 -0.048419 -0.641652 -0.054834 0.997708 0.039640 93.692146 0.050557 -0.036874 0.998040 0.374376 0.000000 0.000000 0.000000 1.000000
0.997282 0.056596 -0.047178 -0.574116 -0.054764 0.997727 0.039256 93.686104 0.049293 -0.036565 0.998115 0.346064 0.000000 0.000000 0.000000 1.000000
0.997387 0.056295 -0.045268 -0.515736 -0.054549 0.997752 0.038915 93.678986 0.047357 -0.036344 0.998217 0.320837 0.000000 0.000000 0.000000 1.000000
0.997518 0.055885 -0.042844 -0.462824 -0.054238 0.997778 0.038696 93.673187 0.044911 -0.036276 0.998332 0.301952 0.000000 0.000000 0.000000 1.000000
0.997655 0.055413 -0.040182 -0.413180 -0.053870 0.997805 0.038523 93.671043 0.042228 -0.036269 0.998449 0.288700 0.000000 0.000000 0.000000 1.000000
0.997784 0.054913 -0.037559 -0.364992 -0.053476 0.997836 0.038255 93.673027 0.039579 -0.036162 0.998562 0.279430 0.000000 0.000000 0.000000 1.000000</float_array><technique_common><accessor source="#swat_Hips-Matrix-animation-output-transform-array" count="119" stride="16"><param type="float4x4"/></accessor></technique_common></source><source id="swat_Hips-Interpolations"><Name_array id="swat_Hips-Interpolations-array" count="119">
 LINEAR LINEAR LINEAR LINEAR LINEAR LINEAR LINEAR LINEAR LINEAR LINEAR LINEAR
LINEAR LINEAR LINEAR LINEAR LINEAR LINEAR LINEAR LINEAR LINEAR LINEAR LINEAR LINEAR
LINEAR LINEAR LINEAR LINEAR LINEAR LINEAR LINEAR LINEAR LINEAR LINEAR LINEAR LINEAR
LINEAR LINEAR LINEAR LINEAR LINEAR LINEAR LINEAR LINEAR LINEAR LINEAR LINEAR LINEAR
LINEAR LINEAR LINEAR LINEAR LINEAR LINEAR LINEAR LINEAR LINEAR LINEAR LINEAR LINEAR
LINEAR LINEAR LINEAR LINEAR LINEAR LINEAR LINEAR LINEAR LINEAR LINEAR LINEAR LINEAR
LINEAR LINEAR LINEAR LINEAR LINEAR LINEAR LINEAR LINEAR LINEAR LINEAR LINEAR LINEAR
LINEAR LINEAR LINEAR LINEAR LINEAR LINEAR LINEAR LINEAR LINEAR LINEAR LINEAR LINEAR
LINEAR LINEAR LINEAR LINEAR LINEAR LINEAR LINEAR LINEAR LINEAR LINEAR LINEAR LINEAR
LINEAR LINEAR LINEAR LINEAR LINEAR LINEAR LINEAR LINEAR LINEAR LINEAR LINEAR LINEAR</Name_array><technique_common><accessor source="#swat_Hips-Interpolations-array" count="119"><param type="name"/></accessor></technique_common></source><sampler id="swat_Hips-Matrix-animation-transform"><input semantic="INPUT" source="#swat_Hips-Matrix-animation-input"/><input semantic="OUTPUT" source="#swat_Hips-Matrix-animation-output-transform"/><input semantic="INTERPOLATION" source="#swat_Hips-Interpolations"/></sampler><channel source="#swat_Hips-Matrix-animation-transform" target="swat_Hips/matrix"/></animation>
    <animation id="swat_Spine-anim" name="swat_Spine"><source id="swat_Spine-Matrix-animation-input"><float_array id="swat_Spine-Matrix-animation-input-array" count="119">

0.000000 0.033333 0.066667 0.100000 0.133333 0.166667 0.200000 0.233333 0.266667 0.300000 0.333333 0.366667 0.400000 0.433333 0.466667 0.500000
0.533333 0.566667 0.600000 0.633333 0.666667 0.700000 0.733333 0.766667 0.800000 0.833333 0.866667 0.900000 0.933333 0.966667 1.000000 1.033333
1.066667 1.100000 1.133333 1.166667 1.200000 1.233333 1.266667 1.300000 1.333333 1.366667 1.400000 1.433333 1.466667 1.500000 1.533333 1.566667
1.600000 1.633333 1.666667 1.700000 1.733333 1.766667 1.800000 1.833333 1.866667 1.900000 1.933333 1.966667 2.000000 2.033333 2.066667 2.100000
2.133333 2.166667 2.200000 2.233333 2.266667 2.300000 2.333333 2.366667 2.400000 2.433333 2.466667 2.500000 2.533333 2.566667 2.600000 2.633333
2.666667 2.700000 2.733333 2.766667 2.800000 2.833333 2.866667 2.900000 2.933333 2.966667 3.000000 3.033333 3.066667 3.100000 3.133333 3.166667
3.200000 3.233333 3.266667 3.300000 3.333333 3.366667 3.400000 3.433333 3.466667 3.500000 3.533333 3.566667 3.600000 3.633333 3.666667 3.700000
3.733333 3.766667 3.800000 3.833333 3.866667 3.900000 3.933333</float_array><technique_common><accessor source="#swat_Spine-Matrix-animation-input-array" count="119"><param name="TIME" type="float"/></accessor></technique_common></source><source id="swat_Spine-Matrix-animation-output-transform"><float_array id="swat_Spine-Matrix-animation-output-transform-array" count="1904">

0.997928 0.052659 0.036969 0.000000 -0.050242 0.996716 -0.063508 9.226300 -0.040192 0.061519 0.997296 1.577100 0.000000 0.000000 0.000000 1.000000
0.997916 0.052721 0.037207 0.000000 -0.050253 0.996658 -0.064405 9.226300 -0.040479 0.062401 0.997230 1.577100 0.000000 0.000000 0.000000 1.000000
0.997906 0.052785 0.037383 0.000000 -0.050259 0.996582 -0.065556 9.226300 -0.040716 0.063539 0.997148 1.577100 0.000000 0.000000 0.000000 1.000000
0.997905 0.052747 0.037455 0.000000 -0.050166 0.996505 -0.066789 9.226300 -0.040847 0.064770 0.997064 1.577100 0.000000 0.000000 0.000000 1.000000
0.997928 0.052347 0.037415 0.000000 -0.049723 0.996450 -0.067933 9.226300 -0.040838 0.065932 0.996988 1.577100 0.000000 0.000000 0.000000 1.000000
0.998001 0.051101 0.037180 0.000000 -0.048455 0.996447 -0.068888 9.226300 -0.040568 0.066949 0.996931 1.577100 0.000000 0.000000 0.000000 1.000000
0.998170 0.048216 0.036491 0.000000 -0.045601 0.996546 -0.069403 9.226300 -0.039711 0.067612 0.996921 1.577100 0.000000 0.000000 0.000000 1.000000
0.998474 0.042639 0.035089 0.000000 -0.040150 0.996821 -0.068814 9.226300 -0.037911 0.067300 0.997012 1.577100 0.000000 0.000000 0.000000 1.000000
0.998890 0.033472 0.033131 0.000000 -0.031221 0.997313 -0.066273 9.226300 -0.035261 0.065165 0.997251 1.577100 0.000000 0.000000 0.000000 1.000000
0.999295 0.020742 0.031303 0.000000 -0.018796 0.997947 -0.061232 9.226300 -0.032509 0.060601 0.997633 1.577100 0.000000 0.000000 0.000000 1.000000
0.999524 0.005933 0.030265 0.000000 -0.004312 0.998566 -0.053361 9.226300 -0.030538 0.053205 0.998117 1.577100 0.000000 0.000000 0.000000 1.000000
0.999517 -0.008343 0.029921 0.000000 0.009603 0.999064 -0.042188 9.226300 -0.029541 0.042455 0.998662 1.577100 0.000000 0.000000 0.000000 1.000000
0.999381 -0.019350 0.029394 -0.000000 0.020166 0.999412 -0.027739 9.226300 -0.028840 0.028314 0.999183 1.577100 0.000000 0.000000 0.000000 1.000000
0.999297 -0.025026 0.027930 -0.000000 0.025369 0.999606 -0.011994 9.226300 -0.027619 0.012694 0.999538 1.577100 0.000000 0.000000 0.000000 1.000000
0.999371 -0.024264 0.025867 -0.000000 0.024239 0.999705 0.001276 9.226300 -0.025890 -0.000648 0.999665 1.577100 0.000000 0.000000 0.000000 1.000000
0.999555 -0.016943 0.024544 -0.000000 0.016716 0.999816 0.009399 9.226300 -0.024698 -0.008984 0.999655 1.577100 0.000000 0.000000 0.000000 1.000000
0.999679 -0.003942 0.025046 -0.000000 0.003614 0.999907 0.013126 9.226300 -0.025095 -0.013031 0.999600 1.577100 0.000000 0.000000 0.000000 1.000000
0.999548 0.012942 0.027151 -0.000000 -0.013355 0.999797 0.015103 9.226300 -0.026950 -0.015459 0.999517 1.577100 0.000000 0.000000 0.000000 1.000000
0.999071 0.031198 0.029743 0.000000 -0.031711 0.999354 0.016935 9.226300 -0.029196 -0.017862 0.999414 1.577100 0.000000 0.000000 0.000000 1.000000
0.998329 0.048067 0.032084 0.000000 -0.048681 0.998640 0.018654 9.226300 -0.031144 -0.020185 0.999311 1.577100 0.000000 0.000000 0.000000 1.000000
0.997523 0.061466 0.034205 -0.000000 -0.062170 0.997867 0.019923 9.226300 -0.032907 -0.022000 0.999216 1.577100 0.000000 0.000000 0.000000 1.000000
0.996830 0.070895 0.036110 -0.000000 -0.071673 0.997213 0.020722 9.226300 -0.034540 -0.023244 0.999133 1.577100 0.000000 0.000000 0.000000 1.000000
0.996302 0.077421 0.037252 -0.000000 -0.078246 0.996708 0.021213 9.226300 -0.035487 -0.024049 0.999081 1.577100 0.000000 0.000000 0.000000 1.000000
0.995904 0.082458 0.037090 0.000000 -0.083291 0.996293 0.021493 9.226300 -0.035180 -0.024494 0.999081 1.577100 0.000000 0.000000 0.000000 1.000000
0.995611 0.086490 0.035755 0.000000 -0.087295 0.995949 0.021583 9.226300 -0.033744 -0.024610 0.999127 1.577100 0.000000 0.000000 0.000000 1.000000
0.995448 0.089072 0.033903 0.000000 -0.089829 0.995725 0.021511 9.226300 -0.031842 -0.024459 0.999194 1.577100 0.000000 0.000000 0.000000 1.000000
0.995430 0.089886 0.032252 -0.000000 -0.090598 0.995659 0.021327 9.226300 -0.030195 -0.024151 0.999252 1.577100 0.000000 0.000000 0.000000 1.000000
0.995502 0.089375 0.031431 0.000000 -0.090059 0.995713 0.021084 9.226300 -0.029412 -0.023820 0.999284 1.577100 0.000000 0.000000 0.000000 1.000000
0.995575 0.088425 0.031806 0.000000 -0.089111 0.995804 0.020832 9.226300 -0.029830 -0.023574 0.999277 1.577100 0.000000 0.000000 0.000000 1.000000
0.995585 0.087858 0.033050 -0.000000 -0.088567 0.995857 0.020621 9.226300 -0.031102 -0.023457 0.999241 1.577100 0.000000 0.000000 0.000000 1.000000
0.995514 0.088231 0.034177 0.000000 -0.088962 0.995824 0.020508 9.226300 -0.032225 -0.023456 0.999205 1.577100 0.000000 0.000000 0.000000 1.000000
0.995385 0.089613 0.034339 0.000000 -0.090349 0.995699 0.020516 9.226300 -0.032353 -0.023524 0.999200 1.577100 0.000000 0.000000 0.000000 1.000000
0.995250 0.091394 0.033524 0.000000 -0.092114 0.995535 0.020614 9.226300 -0.031491 -0.023604 0.999225 1.577100 0.000000 0.000000 0.000000 1.000000
0.995178 0.092604 0.032337 -0.000000 -0.093301 0.995422 0.020734 9.226300 -0.030269 -0.023651 0.999262 1.577100 0.000000 0.000000 0.000000 1.000000
0.995208 0.092604 0.031391 -0.000000 -0.093281 0.995422 0.020816 9.226300 -0.029320 -0.023645 0.999290 1.577100 0.000000 0.000000 0.000000 1.000000
0.995325 0.091458 0.031043 -0.000000 -0.092126 0.995530 0.020823 9.226300 -0.029000 -0.023585 0.999301 1.577100 0.000000 0.000000 0.000000 1.000000
0.995464 0.089814 0.031370 -0.000000 -0.090487 0.995682 0.020721 9.226300 -0.029374 -0.023466 0.999293 1.577100 0.000000 0.000000 0.000000 1.000000
0.995556 0.088552 0.032050 0.000000 -0.089233 0.995800 0.020475 9.226300 -0.030102 -0.023244 0.999277 1.577100 0.000000 0.000000 0.000000 1.000000
0.995570 0.088274 0.032383 -0.000000 -0.088950 0.995834 0.020045 9.226300 -0.030479 -0.022837 0.999275 1.577100 0.000000 0.000000 0.000000 1.000000
0.995540 0.088817 0.031796 -0.000000 -0.089460 0.995802 0.019392 9.226300 -0.029940 -0.022150 0.999306 1.577100 0.000000 0.000000 0.000000 1.000000
0.995532 0.089378 0.030442 -0.000000 -0.089965 0.995773 0.018483 9.226300 -0.028661 -0.021139 0.999366 1.577100 0.000000 0.000000 0.000000 1.000000
0.995582 0.089262 0.029148 0.000000 -0.089788 0.995811 0.017280 9.226300 -0.027483 -0.019821 0.999426 1.577100 0.000000 0.000000 0.000000 1.000000
0.995670 0.088432 0.028669 -0.000000 -0.088907 0.995916 0.015739 9.226300 -0.027160 -0.018220 0.999465 1.577100 0.000000 0.000000 0.000000 1.000000
0.995761 0.087274 0.029025 -0.000000 -0.087702 0.996051 0.013809 9.226300 -0.027706 -0.016296 0.999483 1.577100 0.000000 0.000000 0.000000 1.000000
0.995848 0.086083 0.029598 -0.000000 -0.086453 0.996190 0.011466 9.226300 -0.028498 -0.013977 0.999496 1.577100 0.000000 0.000000 0.000000 1.000000
0.995942 0.084925 0.029792 0.000000 -0.085219 0.996324 0.008731 9.226300 -0.028941 -0.011234 0.999518 1.577100 0.000000 0.000000 0.000000 1.000000
0.996045 0.083808 0.029506 0.000000 -0.084010 0.996449 0.005664 9.226300 -0.028927 -0.008121 0.999549 1.577100 0.000000 0.000000 0.000000 1.000000
0.996149 0.082740 0.029014 -0.000000 -0.082842 0.996560 0.002335 9.226300 -0.028721 -0.004729 0.999576 1.577100 0.000000 0.000000 0.000000 1.000000
0.996259 0.081544 0.028594 0.000000 -0.081543 0.996669 -0.001199 9.226300 -0.028597 -0.001137 0.999590 1.577100 0.000000 0.000000 0.000000 1.000000
0.996408 0.079765 0.028444 -0.000000 -0.079657 0.996810 -0.004890 9.226300 -0.028743 0.002607 0.999583 1.577100 0.000000 0.000000 0.000000 1.000000
0.996619 0.076931 0.028843 0.000000 -0.076710 0.997016 -0.008684 9.226300 -0.029425 0.006442 0.999546 1.577100 0.000000 0.000000 0.000000 1.000000
0.996880 0.072971 0.030092 0.000000 -0.072623 0.997281 -0.012495 9.226300 -0.030922 0.010271 0.999469 1.577100 0.000000 0.000000 0.000000 1.000000
0.997144 0.068362 0.032093 0.000000 -0.067868 0.997562 -0.016233 9.226300 -0.033124 0.014009 0.999353 1.577100 0.000000 0.000000 0.000000 1.000000
0.997377 0.063817 0.034145 0.000000 -0.063163 0.997805 -0.019915 9.226300 -0.035341 0.017706 0.999218 1.577100 0.000000 0.000000 0.000000 1.000000
0.997592 0.059656 0.035376 -0.000000 -0.058838 0.997986 -0.023720 9.226300 -0.036719 0.021581 0.999093 1.577100 0.000000 0.000000 0.000000 1.000000
0.997830 0.055548 0.035365 0.000000 -0.054580 0.998122 -0.027796 9.226300 -0.036842 0.025805 0.998988 1.577100 0.000000 0.000000 0.000000 1.000000
0.998105 0.051049 0.034354 0.000000 -0.049953 0.998237 -0.032043 9.226300 -0.035929 0.030266 0.998896 1.577100 0.000000 0.000000 0.000000 1.000000
0.998384 0.046255 0.032998 0.000000 -0.045055 0.998327 -0.036233 9.226300 -0.034619 0.034687 0.998798 1.577100 0.000000 0.000000 0.000000 1.000000
0.998619 0.041670 0.032003 0.000000 -0.040368 0.998372 -0.040300 9.226300 -0.033630 0.038952 0.998675 1.577100 0.000000 0.000000 0.000000 1.000000
0.998787 0.037584 0.031812 -0.000000 -0.036154 0.998360 -0.044391 9.226300 -0.033428 0.043187 0.998508 1.577100 0.000000 0.000000 0.000000 1.000000
0.998893 0.034101 0.032411 -0.000000 -0.032502 0.998288 -0.048631 9.226300 -0.034014 0.047524 0.998291 1.577100 0.000000 0.000000 0.000000 1.000000
0.998934 0.031897 0.033382 0.000000 -0.030105 0.998147 -0.052886 9.226300 -0.035007 0.051824 0.998042 1.577100 0.000000 0.000000 0.000000 1.000000
0.998892 0.032398 0.034144 0.000000 -0.030427 0.997925 -0.056745 9.226300 -0.035911 0.055643 0.997805 1.577100 0.000000 0.000000 0.000000 1.000000
0.998745 0.036599 0.034196 -0.000000 -0.034510 0.997613 -0.059808 9.226300 -0.036303 0.058553 0.997624 1.577100 0.000000 0.000000 0.000000 1.000000
0.998491 0.043717 0.033247 0.000000 -0.041592 0.997202 -0.062111 9.226300 -0.035869 0.060634 0.997515 1.577100 0.000000 0.000000 0.000000 1.000000
0.998198 0.051299 0.031124 0.000000 -0.049217 0.996715 -0.064315 9.226300 -0.034321 0.062667 0.997444 1.577100 0.000000 0.000000 0.000000 1.000000
0.998011 0.056746 0.027452 0.000000 -0.054792 0.996223 -0.067355 9.226300 -0.031171 0.065717 0.997351 1.577100 0.000000 0.000000 0.000000 1.000000
0.998046 0.058640 0.021573 -0.000000 -0.056955 0.995791 -0.071810 9.226300 -0.025693 0.070441 0.997185 1.577100 0.000000 0.000000 0.000000 1.000000
0.998300 0.056782 0.013140 0.000000 -0.055599 0.995437 -0.077548 9.226300 -0.017483 0.076686 0.996902 1.577100 0.000000 0.000000 0.000000 1.000000
0.998669 0.051494 0.002957 0.000000 -0.051065 0.995169 -0.083850 9.226300 -0.007261 0.083587 0.996474 1.577100 0.000000 0.000000 0.000000 1.000000
0.999035 0.043390 -0.006879 -0.000000 -0.043833 0.995008 -0.089649 9.226300 0.002955 0.089864 0.995950 1.577100 0.000000 0.000000 0.000000 1.000000
0.999332 0.033854 -0.013783 0.000000 -0.034999 0.994985 -0.093698 9.226300 0.010542 0.094117 0.995505 1.577100 0.000000 0.000000 0.000000 1.000000
0.999557 0.025199 -0.015817 0.000000 -0.026589 0.995137 -0.094842 9.226300 0.013350 0.095221 0.995367 1.577100 0.000000 0.000000 0.000000 1.000000
0.999731 0.019565 -0.012434 0.000000 -0.020633 0.995493 -0.092565 9.226300 0.010567 0.092796 0.995629 1.577100 0.000000 0.000000 0.000000 1.000000
0.999843 0.017138 -0.004547 -0.000000 -0.017470 0.996015 -0.087458 9.226300 0.003030 0.087524 0.996158 1.577100 0.000000 0.000000 0.000000 1.000000
0.999858 0.015753 0.005971 0.000000 -0.015216 0.996583 -0.081183 9.226300 -0.007229 0.081081 0.996681 1.577100 0.000000 0.000000 0.000000 1.000000
0.999771 0.012862 0.017078 -0.000000 -0.011533 0.997062 -0.075724 9.226300 -0.018002 0.075510 0.996983 1.577100 0.000000 0.000000 0.000000 1.000000
0.999597 0.007841 0.027298 0.000000 -0.005848 0.997362 -0.072354 9.226300 -0.027794 0.072165 0.997005 1.577100 0.000000 0.000000 0.000000 1.000000
0.999346 0.001940 0.036119 0.000000 0.000632 0.997472 -0.071055 9.226300 -0.036166 0.071032 0.996818 1.577100 0.000000 0.000000 0.000000 1.000000
0.999035 -0.003604 0.043783 0.000000 0.006704 0.997463 -0.070868 9.226300 -0.043416 0.071093 0.996524 1.577100 0.000000 0.000000 0.000000 1.000000
0.998687 -0.008469 0.050525 -0.000000 0.012039 0.997420 -0.070770 9.226300 -0.049795 0.071286 0.996212 1.577100 0.000000 0.000000 0.000000 1.000000
0.998355 -0.012469 0.055965 0.000000 0.016395 0.997395 -0.070244 9.226300 -0.054944 0.071046 0.995959 1.577100 0.000000 0.000000 0.000000 1.000000
0.998127 -0.014894 0.059327 0.000000 0.018994 0.997425 -0.069163 9.226300 -0.058144 0.070160 0.995840 1.577100 0.000000 0.000000 0.000000 1.000000
0.998072 -0.015025 0.060213 0.000000 0.019087 0.997539 -0.067466 9.226300 -0.059051 0.068485 0.995903 1.577100 0.000000 0.000000 0.000000 1.000000
0.998172 -0.012961 0.059029 0.000000 0.016812 0.997730 -0.065215 9.226300 -0.058049 0.066088 0.996124 1.577100 0.000000 0.000000 0.000000 1.000000
0.998345 -0.009604 0.056695 0.000000 0.013173 0.997932 -0.062919 9.226300 -0.055974 0.063562 0.996407 1.577100 0.000000 0.000000 0.000000 1.000000
0.998519 -0.005736 0.054109 0.000000 0.009068 0.998064 -0.061536 9.226300 -0.053651 0.061936 0.996637 1.577100 0.000000 0.000000 0.000000 1.000000
0.998654 -0.001236 0.051843 0.000000 0.004449 0.998072 -0.061904 9.226300 -0.051667 0.062051 0.996735 1.577100 0.000000 0.000000 0.000000 1.000000
0.998734 0.004479 0.050098 0.000000 -0.001262 0.997946 -0.064056 9.226300 -0.050282 0.063911 0.996688 1.577100 0.000000 0.000000 0.000000 1.000000
0.998747 0.011213 0.048763 -0.000000 -0.007924 0.997714 -0.067119 9.226300 -0.049404 0.066649 0.996553 1.577100 0.000000 0.000000 0.000000 1.000000
0.998710 0.017717 0.047576 0.000000 -0.014364 0.997450 -0.069911 9.226300 -0.048694 0.069138 0.996418 1.577100 0.000000 0.000000 0.000000 1.000000
0.998662 0.022935 0.046339 0.000000 -0.019578 0.997238 -0.071642 9.226300 -0.047854 0.070639 0.996353 1.577100 0.000000 0.000000 0.000000 1.000000
0.998620 0.027033 0.045019 0.000000 -0.023741 0.997114 -0.072109 9.226300 -0.046839 0.070941 0.996380 1.577100 0.000000 0.000000 0.000000 1.000000
0.998572 0.030696 0.043719 -0.000000 -0.027521 0.997064 -0.071457 9.226300 -0.045784 0.070152 0.996485 1.577100 0.000000 0.000000 0.000000 1.000000
0.998519 0.033913 0.042531 0.000000 -0.030882 0.997069 -0.069995 9.226300 -0.044780 0.068577 0.996640 1.577100 0.000000 0.000000 0.000000 1.000000
0.998488 0.036113 0.041436 0.000000 -0.033234 0.997118 -0.068194 9.226300 -0.043779 0.066714 0.996811 1.577100 0.000000 0.000000 0.000000 1.000000
0.998491 0.037250 0.040345 0.000000 -0.034510 0.997182 -0.066611 9.226300 -0.042713 0.065119 0.996963 1.577100 0.000000 0.000000 0.000000 1.000000
0.998504 0.038066 0.039240 -0.000000 -0.035438 0.997216 -0.065614 9.226300 -0.041629 0.064125 0.997073 1.577100 0.000000 0.000000 0.000000 1.000000
0.998499 0.039240 0.038202 0.000000 -0.036694 0.997197 -0.065206 9.226300 -0.040653 0.063706 0.997140 1.577100 0.000000 0.000000 0.000000 1.000000
0.998476 0.040647 0.037328 0.000000 -0.038159 0.997148 -0.065107 9.226300 -0.039868 0.063584 0.997180 1.577100 0.000000 0.000000 0.000000 1.000000
0.998461 0.041567 0.036707 0.000000 -0.039122 0.997120 -0.064966 9.226300 -0.039302 0.063430 0.997212 1.577100 0.000000 0.000000 0.000000 1.000000
0.998473 0.041529 0.036418 0.000000 -0.039121 0.997150 -0.064515 9.226300 -0.038994 0.062992 0.997252 1.577100 0.000000 0.000000 0.000000 1.000000
0.998496 0.040944 0.036464 -0.000000 -0.038565 0.997223 -0.063718 9.226300 -0.038972 0.062216 0.997302 1.577100 0.000000 0.000000 0.000000 1.000000
0.998491 0.040804 0.036748 0.000000 -0.038443 0.997284 -0.062825 9.226300 -0.039211 0.061317 0.997348 1.577100 0.000000 0.000000 0.000000 1.000000
0.998440 0.041650 0.037174 -0.000000 -0.039286 0.997290 -0.062197 9.226300 -0.039664 0.060640 0.997371 1.577100 0.000000 0.000000 0.000000 1.000000
0.998365 0.042975 0.037702 0.000000 -0.040586 0.997252 -0.061975 9.226300 -0.040262 0.060343 0.997365 1.577100 0.000000 0.000000 0.000000 1.000000
0.998301 0.043926 0.038278 -0.000000 -0.041502 0.997215 -0.061958 9.226300 -0.040893 0.060265 0.997344 1.577100 0.000000 0.000000 0.000000 1.000000
0.998261 0.044377 0.038810 0.000000 -0.041926 0.997205 -0.061847 9.226300 -0.041446 0.060112 0.997331 1.577100 0.000000 0.000000 0.000000 1.000000
0.998218 0.044930 0.039261 0.000000 -0.042464 0.997201 -0.061531 9.226300 -0.041915 0.059754 0.997333 1.577100 0.000000 0.000000 0.000000 1.000000
0.998155 0.045964 0.039666 0.000000 -0.043490 0.997182 -0.061132 9.226300 -0.042364 0.059294 0.997341 1.577100 0.000000 0.000000 0.000000 1.000000
0.998085 0.047143 0.040051 0.000000 -0.044657 0.997147 -0.060855 9.226300 -0.042805 0.058950 0.997343 1.577100 0.000000 0.000000 0.000000 1.000000
0.998034 0.047941 0.040370 0.000000 -0.045435 0.997112 -0.060855 9.226300 -0.043171 0.058902 0.997330 1.577100 0.000000 0.000000 0.000000 1.000000
0.998008 0.048330 0.040546 0.000000 -0.045799 0.997075 -0.061185 9.226300 -0.043384 0.059206 0.997303 1.577100 0.000000 0.000000 0.000000 1.000000
0.997991 0.048721 0.040512 0.000000 -0.046166 0.997022 -0.061779 9.226300 -0.043401 0.059784 0.997267 1.577100 0.000000 0.000000 0.000000 1.000000
0.997969 0.049411 0.040213 0.000000 -0.046843 0.996947 -0.062478 9.226300 -0.043177 0.060467 0.997236 1.577100 0.000000 0.000000 0.000000 1.000000
0.997947 0.050313 0.039624 0.000000 -0.047753 0.996864 -0.063104 9.226300 -0.042675 0.061082 0.997220 1.577100 0.000000 0.000000 0.000000 1.000000
